E(MeV)  mcnp	Total /Ca:1 mcnp/Ca
1.000000E-11	49.0156
1.186264E-11	49.0156
1.372528E-11	45.0273
1.558792E-11	41.8827
1.745056E-11	39.3214
2.117584E-11	37.1832
2.490112E-11	33.7899
2.862640E-11	31.1927
3.235168E-11	29.1229
3.980225E-11	27.4235
4.725281E-11	24.7754
5.470337E-11	22.7856
6.215393E-11	21.221
6.960450E-11	19.9494
8.450562E-11	18.8901
9.940675E-11	17.2137
1.292090E-10	15.9353
1.590112E-10	14.0889
1.888135E-10	12.8
2.186158E-10	11.8373
2.484181E-10	11.0847
3.080226E-10	10.4765
3.676271E-10	9.54665
4.272316E-10	8.863
4.868362E-10	8.33513
6.060452E-10	7.91294
7.252543E-10	7.2755
8.444634E-10	6.81339
1.000000E-09	6.46065
1.202091E-09	6.10712
1.440509E-09	5.76408
1.678927E-09	5.4653
1.917345E-09	5.23921
2.394181E-09	5.06122
2.871017E-09	4.79692
3.347853E-09	4.60825
3.824690E-09	4.46554
4.778362E-09	4.35306
5.732035E-09	4.18562
6.685707E-09	4.06559
7.639380E-09	3.97441
9.546725E-09	3.90226
1.336141E-08	3.7943
1.526876E-08	3.65714
1.908345E-08	3.61001
2.099079E-08	3.53904
2.289814E-08	3.51142
2.530000E-08	3.48751
2.671283E-08	3.46155
3.052752E-08	3.44804
3.815690E-08	3.4166
4.578628E-08	3.36893
5.341566E-08	3.334
6.104505E-08	3.30718
7.630381E-08	3.28588
9.156257E-08	3.25345
1.068213E-07	3.22947
1.220801E-07	3.2111
1.525976E-07	3.19663
1.831152E-07	3.17441
2.136327E-07	3.15793
2.441503E-07	3.14523
3.051854E-07	3.13519
3.662205E-07	3.11979
4.272556E-07	3.10837
4.882907E-07	3.09955
6.103609E-07	3.09254
7.324311E-07	3.08182
8.545013E-07	3.07386
9.765715E-07	3.06771
1.464852E-06	3.06277
1.708992E-06	3.04974
1.953133E-06	3.04544
2.441414E-06	3.04199
2.929695E-06	3.03673
3.417976E-06	3.03283
3.906257E-06	3.02981
4.882819E-06	3.02738
5.859381E-06	3.02368
6.835943E-06	3.02094
7.812505E-06	3.01882
9.765627E-06	3.01711
1.367187E-05	3.0145
1.562500E-05	3.01108
1.953125E-05	3.00987
2.343750E-05	3.00803
2.734375E-05	3.00667
3.125000E-05	3.00562
3.906250E-05	3.00477
4.687500E-05	3.00347
5.468750E-05	3.00251
6.250000E-05	3.00177
7.812500E-05	3.00117
1.000000E-04	3.00025
1.093750E-04	2.99935
1.250000E-04	2.99905
1.562500E-04	2.99863
1.875000E-04	2.99798
2.187500E-04	2.9975
2.500000E-04	2.99713
3.125000E-04	2.99683
3.750000E-04	2.99637
4.375000E-04	2.99604
5.000000E-04	2.99577
6.250000E-04	2.99556
7.500000E-04	2.99524
8.750000E-04	2.995
1.000000E-03	2.99481
1.200000E-03	2.99456
1.223777E-03	2.94839
1.246936E-03	2.94317
1.291564E-03	2.93811
1.334178E-03	2.92847
1.375000E-03	2.91939
1.400000E-03	2.91084
1.436722E-03	2.90565
1.475865E-03	2.89632
1.517688E-03	2.88648
1.562500E-03	2.87608
1.600000E-03	2.86506
1.671682E-03	2.85591
1.709955E-03	2.83872
1.750000E-03	2.82959
1.800000E-03	2.82005
2.000000E-03	2.80818
2.500001E-03	2.76137
2.593750E-03	2.64503
4.000000E-03	2.63092
4.968749E-03	2.41974
5.031250E-03	2.31188
6.000000E-03	2.30542
8.000000E-03	2.19764
9.984374E-03	2.04274
9.992186E-03	1.94854
9.994139E-03	1.94836
9.996092E-03	1.94872
1.000001E-02	1.94969
1.000618E-02	1.95396
1.001235E-02	1.9594
1.077765E-02	1.95984
1.078073E-02	1.95121
1.078227E-02	1.96942
1.079250E-02	7.1456
1.079500E-02	9.11325
1.079625E-02	13.4994
1.079750E-02	15.5479
1.079875E-02	17.2163
1.080250E-02	18.3098
1.080375E-02	17.2173
1.080500E-02	15.5502
1.080750E-02	13.5038
1.080875E-02	9.12378
1.081463E-02	5.51247
1.081694E-02	2.43651
1.081810E-02	2.08225
1.081926E-02	2.01897
1.082853E-02	1.98973
1.996760E-02	1.96993
2.000001E-02	1.885
2.003750E-02	1.88389
2.028125E-02	1.88275
2.029062E-02	1.8805
2.029531E-02	1.88778
2.029765E-02	1.93444
2.030000E-02	1.9968
2.030312E-02	2.10019
2.030625E-02	2.30674
2.031250E-02	2.58032
2.038750E-02	3.22173
2.039375E-02	11.2569
2.039687E-02	11.8693
2.040000E-02	12.08
2.040312E-02	12.1588
2.040625E-02	12.0803
2.041250E-02	11.869
2.048750E-02	11.2566
2.049375E-02	3.22161
2.049687E-02	2.58061
2.050000E-02	2.30809
2.050781E-02	1.95117
2.051562E-02	1.89406
2.100000E-02	1.87634
2.997264E-02	1.74142
2.998631E-02	1.45305
3.000001E-02	1.45248
3.000782E-02	1.44757
3.001563E-02	1.44369
3.003125E-02	1.44253
3.200000E-02	1.44197
3.727929E-02	1.37885
3.728964E-02	1.29623
3.729482E-02	1.31001
3.731250E-02	1.76307
3.738750E-02	2.14259
3.739375E-02	7.16207
3.740000E-02	7.50084
3.740625E-02	7.64159
3.741250E-02	7.50067
3.748750E-02	7.16185
3.749375E-02	2.14238
3.750976E-02	1.3627
3.751953E-02	1.31272
3.996092E-02	1.29558
3.998045E-02	1.24618
3.999022E-02	1.2458
4.000001E-02	1.2461
4.001555E-02	1.24834
4.003110E-02	1.25089
4.196667E-02	1.25067
4.400000E-02	1.21186
4.600000E-02	1.16248
4.800000E-02	1.15369
4.930000E-02	1.19502
4.997811E-02	1.30694
4.998905E-02	1.64504
5.000001E-02	1.64994
5.000782E-02	1.65231
5.001563E-02	1.65305
5.003125E-02	1.65454
5.100000E-02	1.65877
5.200000E-02	1.92986
5.300000E-02	2.10012
5.400000E-02	2.17952
5.500000E-02	1.90075
5.600000E-02	1.57179
5.800000E-02	1.44159
5.996874E-02	1.28199
5.998436E-02	1.22325
6.000001E-02	1.2227
6.000782E-02	1.2212
6.001563E-02	1.2203
6.003125E-02	1.21979
6.200000E-02	1.21939
7.400000E-02	1.17977
7.600000E-02	1.08807
7.800000E-02	1.09777
7.996874E-02	1.12797
7.998436E-02	1.37333
8.001563E-02	1.37542
8.003125E-02	1.38021
8.200000E-02	1.3808
8.600000E-02	1.43008
8.700000E-02	1.58111
8.750000E-02	1.86299
8.800000E-02	3.51248
8.850000E-02	6.56845
8.900000E-02	5.98985
9.000000E-02	4.20538
9.200000E-02	1.8087
9.400000E-02	0.927172
9.600000E-02	0.935491
9.800000E-02	1.04066
9.949999E-02	1.29092
1.000001E-01	1.67291
1.010000E-01	1.80042
1.020000E-01	2.09003
1.040000E-01	2.3773
1.060000E-01	1.77014
1.080000E-01	1.29044
1.100000E-01	1.07
1.120000E-01	0.961766
1.140000E-01	0.899655
1.160000E-01	0.865564
1.180000E-01	0.846495
1.220000E-01	0.842433
1.240000E-01	0.869267
1.280000E-01	0.889245
1.300000E-01	0.979271
1.320000E-01	1.10926
1.340000E-01	1.36336
1.360000E-01	3.31297
1.380000E-01	10.5987
1.400000E-01	17.6469
1.420000E-01	5.62454
1.440000E-01	3.12305
1.460000E-01	2.30019
1.480000E-01	2.08282
1.499374E-01	3.44054
1.499686E-01	2.04364
1.500001E-01	2.02107
1.502500E-01	2.00229
1.520000E-01	1.96371
1.540000E-01	1.71058
1.560000E-01	1.60991
1.600000E-01	1.52995
1.640000E-01	1.43969
1.660000E-01	1.17022
1.680000E-01	1.16362
1.690000E-01	2.41282
1.700000E-01	5.20006
1.710000E-01	8.01737
1.719000E-01	13.6662
1.740000E-01	13.6952
1.760000E-01	5.07996
1.780000E-01	2.75492
1.801000E-01	1.7216
1.820000E-01	1.20455
1.852000E-01	0.796614
1.889000E-01	0.635495
1.935000E-01	0.387172
1.946000E-01	0.423486
1.968000E-01	0.651151
2.000000E-01	0.369795
2.060000E-01	0.406037
2.099000E-01	0.476143
2.107718E-01	0.976426
2.108000E-01	1.54263
2.108250E-01	1.58942
2.110000E-01	1.69069
2.113750E-01	2.5887
2.114000E-01	4.4032
2.114250E-01	4.47002
2.118000E-01	4.4243
2.121000E-01	2.94774
2.124000E-01	2.5996
2.134000E-01	2.27985
2.138000E-01	2.55611
2.169000E-01	2.73789
2.187000E-01	6.46409
2.200000E-01	8.05481
2.209000E-01	7.02664
2.223000E-01	5.22418
2.236000E-01	2.94969
2.255000E-01	1.54568
2.271000E-01	0.672115
2.288718E-01	0.352768
2.289000E-01	0.631805
2.289250E-01	0.662162
2.296750E-01	0.740385
2.297000E-01	3.83275
2.302625E-01	3.83527
2.303281E-01	0.933736
2.307500E-01	0.892581
2.312000E-01	0.732433
2.340000E-01	0.566735
2.363000E-01	0.814498
2.394000E-01	1.71947
2.420000E-01	3.14319
2.440000E-01	5.06184
2.456000E-01	6.73002
2.478000E-01	7.60138
2.500000E-01	8.22297
2.527000E-01	8.04435
2.571000E-01	7.49598
2.600000E-01	6.25122
2.673000E-01	5.10494
2.695000E-01	3.07341
2.706000E-01	3.54147
2.783000E-01	2.56025
2.799000E-01	1.77266
2.803000E-01	1.77257
2.866000E-01	1.80762
2.893125E-01	0.731703
2.894000E-01	0.236655
2.894687E-01	0.225928
2.904656E-01	0.254693
2.905000E-01	0.749061
2.909000E-01	0.853293
2.913000E-01	2.1309
2.921000E-01	3.46042
2.946000E-01	6.71246
2.963000E-01	3.73434
2.975000E-01	2.23469
2.992000E-01	1.62377
2.999000E-01	1.43797
3.018000E-01	1.90147
3.074000E-01	1.22305
3.121000E-01	0.865014
3.151000E-01	0.488466
3.169000E-01	0.663167
3.223000E-01	0.334056
3.246000E-01	0.878484
3.255000E-01	1.74241
3.286000E-01	2.03633
3.301000E-01	4.75664
3.313000E-01	6.56012
3.326000E-01	7.27752
3.351000E-01	8.24322
3.365000E-01	6.86753
3.408000E-01	6.48546
3.419000E-01	4.3684
3.436000E-01	4.23944
3.444000E-01	3.32498
3.455000E-01	3.29163
3.470000E-01	3.78756
3.505000E-01	2.53667
3.527000E-01	1.57508
3.532500E-01	0.672122
3.538000E-01	0.881887
3.542500E-01	1.10374
3.547000E-01	1.54855
3.554000E-01	2.00914
3.555000E-01	3.56374
3.558000E-01	3.82378
3.560500E-01	5.69137
3.563000E-01	6.17079
3.575000E-01	6.58262
3.593000E-01	4.94908
3.635000E-01	3.73512
3.689000E-01	2.5225
3.716000E-01	2.0443
3.795000E-01	2.19756
3.802000E-01	1.72123
3.846000E-01	1.70873
3.848000E-01	1.13929
3.862000E-01	1.04553
3.867000E-01	2.36035
3.885000E-01	1.9599
3.935000E-01	1.56679
4.000000E-01	1.27694
4.024000E-01	1.19021
4.061000E-01	1.24245
4.080000E-01	1.03347
4.083000E-01	1.16538
4.102000E-01	0.84343
4.108000E-01	0.984742
4.127000E-01	0.846209
4.140000E-01	0.997383
4.161000E-01	0.900301
4.172000E-01	1.0611
4.193000E-01	0.62729
4.213000E-01	1.17198
4.281000E-01	0.701051
4.296000E-01	0.63152
4.331000E-01	0.500444
4.353000E-01	0.733485
4.357000E-01	1.15873
4.366000E-01	1.41422
4.375000E-01	2.3851
4.387000E-01	4.10309
4.393000E-01	4.16376
4.400000E-01	4.74864
4.407000E-01	5.80501
4.421000E-01	6.4863
4.436000E-01	6.01856
4.447000E-01	5.08723
4.470000E-01	4.31234
4.499000E-01	3.19018
4.532000E-01	2.4226
4.538000E-01	1.9865
4.590000E-01	1.81253
4.598000E-01	1.46703
4.605000E-01	1.49881
4.659000E-01	1.48757
4.683000E-01	1.07184
4.698000E-01	1.25171
4.708000E-01	1.87552
4.757000E-01	1.03429
4.775406E-01	0.902249
4.776000E-01	0.979222
4.782000E-01	0.995937
4.782562E-01	1.84662
4.786500E-01	1.81862
4.791000E-01	1.45715
4.808000E-01	1.05201
4.883000E-01	0.884534
4.939000E-01	0.715303
4.955000E-01	0.705581
4.998000E-01	0.609286
5.013000E-01	0.698579
5.032000E-01	0.903729
5.049000E-01	1.5171
5.057000E-01	2.39931
5.065000E-01	3.12
5.082000E-01	4.21164
5.107000E-01	5.57192
5.121000E-01	4.1088
5.141000E-01	3.07464
5.166000E-01	2.33468
5.185000E-01	1.80048
5.211000E-01	1.52536
5.215000E-01	1.44609
5.220000E-01	1.70696
5.238000E-01	1.35682
5.246000E-01	1.21718
5.253000E-01	1.21271
5.257000E-01	1.66198
5.257718E-01	1.15731
5.280000E-01	1.13746
5.289000E-01	0.925943
5.313000E-01	0.845764
5.346000E-01	0.959785
5.365375E-01	0.734864
5.366000E-01	0.894891
5.372000E-01	0.912695
5.372632E-01	1.65224
5.382123E-01	1.63372
5.385000E-01	1.05789
5.413000E-01	0.883301
5.475000E-01	0.69999
5.540000E-01	0.677777
5.566000E-01	0.566675
5.579000E-01	0.777774
5.591000E-01	0.949974
5.595000E-01	2.6222
5.604000E-01	1.1
5.635000E-01	0.744354
5.664000E-01	0.677763
5.685000E-01	0.733273
5.690000E-01	0.933273
5.699000E-01	1.2556
5.706000E-01	2.4777
5.724000E-01	1.211
5.749000E-01	0.894352
5.772000E-01	1.0943
5.799000E-01	1.311
5.802000E-01	1.4112
5.843000E-01	1.5332
5.880000E-01	2.0132
5.920000E-01	2.7097
5.937000E-01	3.5999
5.943000E-01	4.2799
5.956000E-01	5.3555
5.972000E-01	4.2443
6.000000E-01	4.29761
6.012000E-01	4.69561
6.029000E-01	4.83991
6.080000E-01	4.90211
6.096000E-01	4.68851
6.098000E-01	4.60881
6.107000E-01	5.04441
6.147000E-01	4.51991
6.191000E-01	4.20881
6.212000E-01	3.63991
6.241000E-01	3.59551
6.266000E-01	3.12432
6.279000E-01	2.56432
6.306000E-01	2.68012
6.323000E-01	1.96882
6.343000E-01	1.47092
6.346000E-01	0.742061
6.358000E-01	1.23992
6.369000E-01	2.59102
6.392000E-01	4.24432
6.402000E-01	3.38212
6.412000E-01	4.15552
6.426000E-01	5.97773
6.436000E-01	3.84433
6.451000E-01	3.23103
6.503000E-01	2.82213
6.521000E-01	2.32433
6.532000E-01	2.22643
6.538000E-01	2.69763
6.564000E-01	2.13763
6.600000E-01	1.89774
6.601000E-01	1.73754
6.674000E-01	1.71424
6.679000E-01	1.42655
6.685000E-01	1.72995
6.718000E-01	1.35655
6.727000E-01	0.718779
6.739000E-01	0.92878
6.745000E-01	1.28655
6.749000E-01	1.85425
6.753000E-01	2.81095
6.762000E-01	3.50305
6.772000E-01	4.07095
6.790000E-01	3.22315
6.813000E-01	2.51546
6.860000E-01	2.07206
6.871000E-01	1.69746
6.919000E-01	1.59766
6.934000E-01	1.48887
6.940000E-01	1.82317
6.947000E-01	2.53197
6.953000E-01	3.40987
6.970000E-01	2.22767
7.003000E-01	1.80767
7.049000E-01	1.53548
7.118000E-01	1.27878
7.129000E-01	1.19319
7.136000E-01	1.91659
7.163000E-01	1.30209
7.261000E-01	1.03769
7.279000E-01	0.913175
7.281000E-01	1.36431
7.297000E-01	1.40321
7.328000E-01	0.952089
7.356000E-01	0.843173
7.372000E-01	0.983177
7.382000E-01	1.69092
7.405000E-01	2.50772
7.415000E-01	1.15412
7.423000E-01	1.58202
7.432000E-01	2.02552
7.439000E-01	2.65543
7.447000E-01	3.52653
7.454000E-01	3.95423
7.474000E-01	3.57323
7.486000E-01	2.75643
7.505000E-01	2.03313
7.528000E-01	1.40314
7.543000E-01	1.11544
7.554000E-01	1.05314
7.577000E-01	1.21654
7.583000E-01	2.17314
7.593000E-01	1.57425
7.601000E-01	1.09975
7.615000E-01	0.866588
7.638000E-01	0.81988
7.647000E-01	0.983193
7.654000E-01	1.39545
7.665000E-01	1.10766
7.685000E-01	1.17766
7.697000E-01	1.50426
7.712000E-01	1.92426
7.729000E-01	2.60876
7.733000E-01	3.59657
7.741000E-01	3.93877
7.772000E-01	4.09427
7.784000E-01	3.66657
7.796000E-01	3.33207
7.806000E-01	3.05207
7.828000E-01	2.87548
7.852000E-01	2.25318
7.878000E-01	1.83548
7.902000E-01	1.43989
7.916000E-01	1.14659
7.928000E-01	1.43989
7.934000E-01	1.86659
7.940000E-01	2.44429
7.951000E-01	3.7777
7.967000E-01	2.7466
7.984000E-01	2.2177
7.997000E-01	1.9243
8.000000E-01	1.8088
8.011000E-01	2.0621
8.033000E-01	1.73321
8.069000E-01	1.47991
8.089000E-01	1.19981
8.094000E-01	1.11112
8.103000E-01	1.23992
8.188000E-01	1.04432
8.208000E-01	0.670993
8.217000E-01	0.808786
8.227000E-01	1.06664
8.235000E-01	1.64434
8.241000E-01	2.24424
8.250000E-01	2.57314
8.257000E-01	2.82194
8.280000E-01	2.33764
8.290000E-01	1.55975
8.294000E-01	1.43105
8.308000E-01	1.54655
8.341000E-01	1.23985
8.373000E-01	0.928797
8.393000E-01	0.742092
8.404000E-01	0.911005
8.413000E-01	1.19987
8.418000E-01	1.73317
8.429000E-01	2.33317
8.441000E-01	1.92877
8.449000E-01	1.53317
8.461000E-01	1.25317
8.476000E-01	1.15098
8.483000E-01	1.12878
8.495000E-01	1.34658
8.507000E-01	1.14658
8.542000E-01	1.22658
8.569000E-01	1.38659
8.577000E-01	1.80649
8.581000E-01	2.0801
8.588000E-01	2.5067
8.598000E-01	2.0466
8.614000E-01	1.9599
8.635000E-01	2.2132
8.658000E-01	2.6799
8.669000E-01	3.39331
8.675000E-01	3.86671
8.689000E-01	3.32661
8.704000E-01	2.45991
8.721000E-01	1.68662
8.735000E-01	1.01322
8.743000E-01	1.27992
8.752000E-01	1.61322
8.783000E-01	1.39322
8.811000E-01	1.89993
8.833000E-01	2.44663
8.841000E-01	3.06664
8.848000E-01	3.59324
8.857000E-01	4.17324
8.889000E-01	3.63994
8.896000E-01	3.49995
8.902000E-01	3.72665
8.909000E-01	3.87325
8.917000E-01	3.97325
8.986000E-01	3.85325
8.990000E-01	3.63996
8.997000E-01	3.53337
9.001000E-01	3.90667
9.050000E-01	3.65317
9.071000E-01	3.38658
9.076000E-01	3.82008
9.081000E-01	4.12008
9.092000E-01	4.82008
9.107000E-01	4.17338
9.167000E-01	3.77999
9.198000E-01	3.2199
9.212000E-01	2.9999
9.216000E-01	3.0833
9.219000E-01	3.04421
9.223000E-01	2.82781
9.231000E-01	3.08321
9.236000E-01	3.32791
9.241000E-01	3.55551
9.247000E-01	3.98891
9.280000E-01	3.28321
9.319000E-01	2.64992
9.358000E-01	2.44432
9.372000E-01	2.16103
9.398000E-01	2.19433
9.408000E-01	2.42774
9.415000E-01	2.77204
9.433000E-01	3.22214
9.442000E-01	2.79984
9.454000E-01	3.03325
9.461000E-01	3.93325
9.468000E-01	3.07775
9.481000E-01	2.54995
9.504000E-01	2.09435
9.555000E-01	1.83886
9.572000E-01	1.49437
9.582000E-01	1.51107
9.588000E-01	1.72777
9.593000E-01	2.21107
9.600000E-01	2.57217
9.608000E-01	2.07218
9.620000E-01	1.61108
9.637000E-01	1.40558
9.666000E-01	1.24438
9.683000E-01	1.25559
9.691000E-01	1.37219
9.699000E-01	1.58329
9.707000E-01	1.91109
9.717000E-01	2.5278
9.726000E-01	3.1722
9.736000E-01	3.4278
9.753000E-01	3.5944
9.761000E-01	3.2444
9.773000E-01	3.23331
9.778000E-01	2.98891
9.796000E-01	3.02781
9.801000E-01	2.54441
9.822000E-01	2.59441
9.854000E-01	2.20002
9.862000E-01	1.90002
9.872000E-01	1.94443
9.904000E-01	1.78333
9.917000E-01	1.62783
9.926000E-01	1.82204
9.933000E-01	2.53864
9.950000E-01	3.41684
9.960000E-01	1.82784
9.981000E-01	1.52234
1.000000E+00	1.19995
1.000400E+00	1.1356
1.002400E+00	1.12205
1.003900E+00	1.28886
1.005100E+00	1.93886
1.007500E+00	2.31666
1.007900E+00	3.42217
1.009700E+00	3.51667
1.010800E+00	3.44437
1.012200E+00	3.48888
1.016200E+00	3.26108
1.017800E+00	2.86109
1.018400E+00	3.21669
1.019100E+00	3.73329
1.019800E+00	4.38339
1.020600E+00	3.7944
1.022700E+00	3.1722
1.024000E+00	2.7944
1.025100E+00	2.70561
1.026000E+00	2.93891
1.028000E+00	2.51111
1.033000E+00	2.23891
1.034900E+00	1.93893
1.035500E+00	1.88893
1.037100E+00	1.78893
1.037500E+00	2.41664
1.038000E+00	2.89424
1.038700E+00	3.17784
1.039900E+00	2.88894
1.040600E+00	2.65004
1.041300E+00	2.90554
1.041900E+00	3.22235
1.042400E+00	2.83325
1.044000E+00	2.61085
1.045300E+00	2.42205
1.046100E+00	2.57205
1.047200E+00	2.93316
1.049700E+00	2.22216
1.054700E+00	1.82216
1.055300E+00	1.56108
1.057300E+00	1.40558
1.058300E+00	1.85558
1.060100E+00	2.17218
1.061300E+00	1.82779
1.062400E+00	2.21669
1.068100E+00	1.79999
1.070100E+00	1.43891
1.071100E+00	1.41111
1.072000E+00	1.50561
1.075900E+00	1.32781
1.080500E+00	1.10562
1.081800E+00	0.877814
1.082900E+00	1.11114
1.083800E+00	1.70534
1.084900E+00	2.35564
1.085500E+00	1.77224
1.088000E+00	1.61115
1.089200E+00	1.63865
1.089700E+00	1.88865
1.090500E+00	1.83316
1.091200E+00	1.82006
1.092700E+00	1.67996
1.093400E+00	2.09496
1.093800E+00	2.38506
1.094700E+00	2.73996
1.095400E+00	3.34517
1.096200E+00	2.97507
1.098400E+00	2.79997
1.099900E+00	3.52498
1.101500E+00	3.28498
1.103200E+00	3.81998
1.109300E+00	3.56999
1.110700E+00	3.235
1.111300E+00	3.36
1.120700E+00	3.11
1.124000E+00	2.50503
1.125400E+00	2.15503
1.126200E+00	2.46004
1.128200E+00	3.18504
1.129000E+00	3.53494
1.130300E+00	4.01515
1.131400E+00	3.01485
1.132600E+00	2.57505
1.133200E+00	2.19485
1.135300E+00	2.36015
1.135600E+00	2.29506
1.136000E+00	2.63986
1.136800E+00	2.98506
1.137600E+00	3.20006
1.138500E+00	2.72016
1.139500E+00	2.23997
1.140900E+00	1.90497
1.142700E+00	1.80497
1.143600E+00	2.36008
1.144400E+00	2.18498
1.145200E+00	2.37498
1.146800E+00	2.76998
1.155700E+00	2.25999
1.158300E+00	1.69501
1.159500E+00	1.82501
1.160400E+00	2.12001
1.161300E+00	2.37502
1.163200E+00	2.01002
1.165500E+00	1.81502
1.166800E+00	1.82503
1.169800E+00	2.08503
1.170300E+00	2.80504
1.170900E+00	2.51994
1.173900E+00	1.94504
1.178300E+00	1.53505
1.179200E+00	1.36986
1.181200E+00	1.59996
1.183100E+00	1.32996
1.187000E+00	1.61997
1.187143E+00	1.01998
1.190800E+00	1.06814
1.191200E+00	2.29996
1.192400E+00	2.63998
1.193600E+00	2.40664
1.194400E+00	2.1
1.196200E+00	1.79314
1.198700E+00	2.16673
1.199900E+00	2.79986
1.201100E+00	3.69332
1.202500E+00	4.47338
1.203200E+00	5.28665
1.203800E+00	5.73988
1.204600E+00	4.56001
1.205400E+00	3.50005
1.206300E+00	2.65329
1.207800E+00	2.02004
1.209200E+00	1.47331
1.211300E+00	1.35328
1.212000E+00	1.63329
1.213700E+00	1.80002
1.214200E+00	2.52001
1.214600E+00	3.31973
1.215300E+00	4.46005
1.216400E+00	5.13319
1.217900E+00	4.22004
1.218800E+00	3.89332
1.222400E+00	3.87996
1.227800E+00	3.46004
1.229600E+00	3.02001
1.230900E+00	3.2333
1.231700E+00	3.62687
1.233900E+00	3.99331
1.235200E+00	3.12002
1.237900E+00	3.33998
1.239000E+00	2.48672
1.239800E+00	2.31327
1.241100E+00	2.36001
1.242300E+00	2.31998
1.242900E+00	2.55344
1.243900E+00	2.83997
1.244700E+00	3.44682
1.246000E+00	3.05996
1.248300E+00	2.83332
1.248900E+00	3.17334
1.249800E+00	3.69337
1.250000E+00	4.31331
1.250600E+00	4.07667
1.251800E+00	3.36674
1.252400E+00	2.63987
1.253900E+00	2.39998
1.256800E+00	2.11331
1.258600E+00	2.39328
1.260100E+00	2.52003
1.261200E+00	2.39336
1.262400E+00	2.67329
1.263600E+00	3.39331
1.265400E+00	3.85984
1.266400E+00	3.04669
1.267500E+00	3.28671
1.269300E+00	4.01333
1.271100E+00	2.64678
1.272300E+00	2.06672
1.274800E+00	2.04005
1.278200E+00	1.82001
1.279400E+00	1.67999
1.280400E+00	1.72001
1.281600E+00	1.82444
1.282400E+00	2.08907
1.283300E+00	2.36498
1.283900E+00	2.42721
1.285200E+00	2.59442
1.287100E+00	2.84715
1.287900E+00	2.6061
1.288800E+00	2.76171
1.289700E+00	3.04174
1.290600E+00	3.38376
1.291500E+00	4.16558
1.292100E+00	3.5744
1.294000E+00	2.78501
1.295500E+00	2.24436
1.296400E+00	1.99169
1.296900E+00	1.96831
1.298800E+00	1.86333
1.300300E+00	2.01487
1.301900E+00	2.19781
1.304200E+00	2.21334
1.305100E+00	1.945
1.306900E+00	2.10062
1.308800E+00	1.97216
1.310100E+00	2.14331
1.311800E+00	2.64504
1.313300E+00	1.82058
1.314400E+00	1.61061
1.316200E+00	1.91394
1.318100E+00	2.49718
1.319600E+00	2.83562
1.321300E+00	2.51276
1.322900E+00	2.2483
1.326000E+00	2.18614
1.329000E+00	1.95671
1.331200E+00	2.11998
1.333000E+00	1.90613
1.334200E+00	2.25607
1.335200E+00	2.7344
1.336200E+00	2.33393
1.337200E+00	2.04615
1.338700E+00	1.89817
1.340700E+00	2.32221
1.342500E+00	1.73126
1.345100E+00	1.5211
1.345700E+00	1.83626
1.346500E+00	2.15497
1.348000E+00	2.08499
1.348600E+00	2.64513
1.350200E+00	3.02994
1.352400E+00	2.53998
1.354700E+00	2.07723
1.356000E+00	2.05778
1.358600E+00	2.28332
1.359900E+00	1.79718
1.360600E+00	1.78171
1.368200E+00	1.75502
1.370600E+00	1.325
1.372800E+00	1.53996
1.375500E+00	2.06501
1.376600E+00	2.91987
1.380800E+00	2.435
1.382400E+00	1.87
1.383400E+00	1.98514
1.386400E+00	1.79496
1.387100E+00	1.63013
1.388800E+00	1.91005
1.390600E+00	2.08499
1.392700E+00	2.57503
1.394700E+00	1.72998
1.398400E+00	1.56003
1.402000E+00	1.47501
1.405600E+00	1.325
1.407100E+00	1.44498
1.408100E+00	1.90002
1.410300E+00	2.17004
1.414300E+00	1.62999
1.419100E+00	1.35499
1.421500E+00	1.2
1.423300E+00	1.30496
1.423900E+00	1.53
1.425400E+00	1.95501
1.427100E+00	2.54505
1.428400E+00	1.72999
1.429600E+00	1.67002
1.431500E+00	2.19985
1.432800E+00	2.97499
1.436300E+00	3.76002
1.438300E+00	2.41
1.439400E+00	1.86515
1.441100E+00	1.66998
1.442800E+00	1.68002
1.443900E+00	1.37996
1.444900E+00	1.52998
1.445500E+00	1.80001
1.446700E+00	2.46002
1.448800E+00	3.59485
1.450800E+00	3.075
1.451500E+00	2.25505
1.452100E+00	1.90476
1.454000E+00	1.78498
1.455200E+00	1.91502
1.456500E+00	2.13505
1.457700E+00	3.18498
1.457900E+00	4.70031
1.459000E+00	4.80001
1.459900E+00	4.16994
1.462800E+00	3.36496
1.466600E+00	2.38223
1.468400E+00	1.87502
1.471500E+00	2.16216
1.474200E+00	2.26003
1.476300E+00	1.5939
1.477500E+00	1.50825
1.478000E+00	1.59997
1.479800E+00	1.81399
1.482400E+00	2.23563
1.484100E+00	1.51439
1.485000E+00	1.38003
1.488200E+00	1.49005
1.491000E+00	1.56943
1.493900E+00	2.12559
1.497300E+00	1.39826
1.500000E+00	2.11334
1.500600E+00	1.37835
1.504100E+00	1.21504
1.506500E+00	1.43495
1.510000E+00	1.3556
1.511800E+00	1.53891
1.514200E+00	1.39832
1.516400E+00	2.24167
1.519300E+00	2.4067
1.520400E+00	2.06438
1.522800E+00	2.27234
1.526100E+00	2.33329
1.528900E+00	2.93829
1.530200E+00	4.47216
1.531200E+00	5.82884
1.532300E+00	5.9879
1.534000E+00	5.15666
1.535400E+00	3.34187
1.538600E+00	2.62055
1.539600E+00	2.35185
1.541200E+00	1.82611
1.542100E+00	1.4167
1.544900E+00	1.27606
1.545400E+00	1.41063
1.547800E+00	1.61216
1.549900E+00	1.49611
1.552700E+00	1.85063
1.554500E+00	2.6817
1.555900E+00	3.18281
1.559200E+00	2.9261
1.561500E+00	2.7978
1.563200E+00	2.90774
1.564800E+00	3.09114
1.566900E+00	3.67764
1.568700E+00	4.11177
1.570900E+00	3.54327
1.572700E+00	2.21111
1.574600E+00	2.33332
1.577200E+00	3.26833
1.579700E+00	2.88939
1.581100E+00	3.08484
1.585800E+00	3.41503
1.588100E+00	2.54721
1.590400E+00	2.17425
1.592800E+00	1.99109
1.596800E+00	2.47394
1.597900E+00	3.76318
1.599500E+00	3.28675
1.601000E+00	3.32925
1.603300E+00	3.26114
1.604800E+00	3.49438
1.607100E+00	3.74997
1.609300E+00	3.56111
1.611700E+00	3.72224
1.613400E+00	2.89999
1.615400E+00	2.96669
1.617600E+00	3.26111
1.618000E+00	3.10564
1.620300E+00	2.91107
1.622900E+00	2.65561
1.626100E+00	2.95547
1.628600E+00	3.45556
1.630400E+00	2.30001
1.631000E+00	2.72222
1.632800E+00	3.06096
1.636100E+00	3.38887
1.638400E+00	3.01107
1.642400E+00	2.42781
1.643200E+00	2.09455
1.645400E+00	2.1611
1.647700E+00	1.86113
1.649200E+00	2.09997
1.651100E+00	3.11676
1.651600E+00	4.11098
1.656300E+00	4.32221
1.659000E+00	3.14439
1.661200E+00	2.94996
1.662700E+00	2.94439
1.664500E+00	3.21658
1.666900E+00	3.05559
1.669400E+00	3.13894
1.670500E+00	3.08889
1.672200E+00	2.89996
1.674800E+00	3.12216
1.676000E+00	3.16112
1.677600E+00	3.04439
1.679500E+00	3.26109
1.681400E+00	3.9556
1.682300E+00	4.73902
1.684700E+00	4.31667
1.686400E+00	2.76112
1.690400E+00	2.07782
1.695100E+00	2.47217
1.704400E+00	2.16105
1.705800E+00	2.72222
1.708600E+00	2.0389
1.711100E+00	1.81107
1.714300E+00	2.11672
1.716300E+00	2.64442
1.718400E+00	2.12784
1.719100E+00	2.22237
1.721000E+00	2.45561
1.725500E+00	2.92782
1.726900E+00	3.5444
1.728500E+00	3.56108
1.731600E+00	3.75558
1.734000E+00	4.48317
1.735600E+00	4.18891
1.739600E+00	4.64441
1.741100E+00	6.03895
1.744500E+00	5.19445
1.745900E+00	3.09995
1.748300E+00	2.88334
1.750000E+00	3.05558
1.753900E+00	2.90715
1.757100E+00	2.56658
1.759000E+00	2.73324
1.761400E+00	3.45564
1.763800E+00	4.72225
1.765800E+00	5.36097
1.768900E+00	4.35557
1.770900E+00	2.89443
1.773400E+00	2.56673
1.776200E+00	2.84435
1.778800E+00	2.08329
1.783500E+00	2.09442
1.787000E+00	2.91106
1.789900E+00	1.94443
1.792600E+00	2.61098
1.795700E+00	3.45561
1.797400E+00	2.30557
1.802700E+00	2.06675
1.804900E+00	2.93332
1.807900E+00	3.51673
1.809700E+00	4.45558
1.811500E+00	3.23317
1.813700E+00	2.44996
1.816100E+00	2.18327
1.818400E+00	2.41109
1.821400E+00	3.3167
1.824600E+00	2.63325
1.826400E+00	2.25001
1.829200E+00	2.5056
1.833700E+00	3.46674
1.836000E+00	2.76667
1.836900E+00	2.93878
1.839100E+00	3.21113
1.839700E+00	3.64444
1.840900E+00	3.52207
1.842600E+00	3.06503
1.845300E+00	2.96001
1.848300E+00	3.23994
1.849900E+00	3.38509
1.851600E+00	3.24497
1.852800E+00	3.49996
1.855500E+00	3.79502
1.857900E+00	4.02995
1.858600E+00	4.85977
1.860000E+00	4.50501
1.861200E+00	3.90998
1.863900E+00	3.16004
1.865500E+00	2.62497
1.867300E+00	2.47495
1.869900E+00	2.69004
1.871200E+00	3.21997
1.874200E+00	3.40004
1.875900E+00	2.86989
1.879000E+00	3.46497
1.881000E+00	4.62013
1.882500E+00	3.42503
1.885500E+00	2.71
1.887900E+00	2.40485
1.890400E+00	1.92497
1.894500E+00	1.815
1.896600E+00	1.77
1.898100E+00	1.94001
1.900000E+00	1.87488
1.901200E+00	2.18998
1.903600E+00	2.83514
1.905900E+00	3.74996
1.911400E+00	3.02997
1.913200E+00	2.88505
1.914700E+00	3.05004
1.917900E+00	2.81001
1.921800E+00	2.80497
1.923100E+00	3.22507
1.925800E+00	3.48503
1.927500E+00	3.78507
1.930300E+00	3.57995
1.932000E+00	4.20989
1.934800E+00	3.88998
1.936900E+00	3.13501
1.940100E+00	3.47502
1.942300E+00	4.17488
1.944400E+00	3.44999
1.946200E+00	2.98999
1.948600E+00	3.50998
1.951000E+00	4.02
1.953700E+00	4.30502
1.955200E+00	3.43496
1.957000E+00	3.23003
1.959900E+00	3.13502
1.964200E+00	3.26997
1.965900E+00	4.68888
1.967300E+00	4.23887
1.970500E+00	3.44444
1.974700E+00	2.1222
1.977000E+00	2.92221
1.978900E+00	2.21112
1.981500E+00	2.06112
1.983600E+00	2.47235
1.986400E+00	2.74425
1.989900E+00	3.36669
1.991700E+00	3.97217
1.993100E+00	3.22766
1.994600E+00	2.37783
1.997400E+00	2.0944
2.000000E+00	1.96664
2.000600E+00	1.99822
2.002500E+00	2.00557
2.007100E+00	2.21107
2.008500E+00	2.8557
2.010600E+00	2.80002
2.012300E+00	3.38336
2.014900E+00	3.78333
2.018600E+00	3.60004
2.022100E+00	3.77223
2.025100E+00	2.13888
2.027500E+00	1.75556
2.029700E+00	2.04444
2.033100E+00	2.47779
2.034500E+00	3.18893
2.036800E+00	3.63906
2.038400E+00	4.59432
2.040000E+00	3.93878
2.042200E+00	3.08893
2.044200E+00	2.49438
2.045900E+00	3.3056
2.046800E+00	4.31097
2.048400E+00	4.95001
2.051200E+00	5.31106
2.054500E+00	4.52781
2.057500E+00	3.46673
2.062200E+00	3.37221
2.064500E+00	3.61656
2.067300E+00	3.54442
2.068100E+00	2.71667
2.069700E+00	2.6667
2.071600E+00	2.82785
2.073000E+00	2.60555
2.074800E+00	2.29437
2.077200E+00	2.16666
2.080000E+00	2.45564
2.083400E+00	3.32779
2.085800E+00	3.95003
2.087000E+00	3.60001
2.090000E+00	3.1722
2.091900E+00	2.23318
2.093200E+00	2.59438
2.095800E+00	3.28879
2.097400E+00	5.1834
2.099800E+00	5.75015
2.101800E+00	5.07223
2.107900E+00	4.44425
2.111500E+00	3.53892
2.113700E+00	3.07219
2.117500E+00	3.32794
2.118400E+00	2.81125
2.122300E+00	2.61659
2.128100E+00	1.84441
2.132400E+00	2.56113
2.134900E+00	1.66672
2.137300E+00	1.82781
2.139600E+00	2.6833
2.142500E+00	2.87776
2.144300E+00	3.03892
2.148100E+00	3.36671
2.149900E+00	3.82791
2.151300E+00	3.9278
2.154200E+00	4.17212
2.155800E+00	5.07778
2.157200E+00	4.58874
2.159000E+00	3.62216
2.161400E+00	2.75004
2.163200E+00	2.19443
2.165300E+00	2.47221
2.166400E+00	2.95005
2.169100E+00	3.44442
2.171100E+00	4.17785
2.173100E+00	3.49437
2.177600E+00	2.96659
2.181500E+00	2.5944
2.183900E+00	1.92222
2.185100E+00	2.2
2.189100E+00	2.43319
2.191800E+00	3.46113
2.194500E+00	3.25556
2.196800E+00	2.90559
2.199700E+00	3.09425
2.203000E+00	3.01671
2.207500E+00	2.72774
2.213200E+00	2.38885
2.216800E+00	2.44436
2.219900E+00	2.72783
2.222400E+00	3.18333
2.223300E+00	3.36122
2.228900E+00	3.26667
2.232700E+00	3.46106
2.234300E+00	2.95006
2.242900E+00	3.08891
2.246000E+00	4.65558
2.247600E+00	4.54977
2.250000E+00	4.26113
2.254600E+00	3.59064
2.256400E+00	2.30563
2.260900E+00	1.97216
2.264000E+00	1.66666
2.266100E+00	1.98892
2.270300E+00	2.32219
2.271900E+00	2.84454
2.273900E+00	2.93893
2.277100E+00	3.18319
2.279100E+00	4.33326
2.283600E+00	4.71112
2.285900E+00	3.98002
2.290100E+00	4.51503
2.293500E+00	5.34999
2.295700E+00	4.47489
2.298700E+00	4.61989
2.302300E+00	5.64503
2.305900E+00	4.53497
2.308800E+00	4.36501
2.309900E+00	3.40493
2.312600E+00	3.10503
2.314600E+00	3.28501
2.321200E+00	3.86497
2.323000E+00	3.13515
2.327700E+00	3.07997
2.331500E+00	2.68002
2.334700E+00	3.1101
2.338100E+00	3.05497
2.341400E+00	2.53498
2.346600E+00	2.14997
2.348900E+00	2.465
2.352000E+00	2.56501
2.353800E+00	2.78516
2.355600E+00	3.02489
2.357900E+00	2.78001
2.363900E+00	2.71502
2.369800E+00	2.20989
2.373200E+00	2.49515
2.374300E+00	2.49496
2.378500E+00	2.71495
2.381500E+00	3.75001
2.387500E+00	3.38004
2.391100E+00	3.13002
2.395000E+00	2.60996
2.396100E+00	2.55996
2.400600E+00	2.71496
2.408000E+00	3.56996
2.412300E+00	2.46499
2.415900E+00	2.78486
2.417500E+00	3.315
2.419500E+00	3.96999
2.421300E+00	4.72494
2.423100E+00	5.15477
2.424900E+00	4.63999
2.427800E+00	3.71001
2.432500E+00	2.70003
2.435500E+00	3.18997
2.439500E+00	3.25501
2.441100E+00	3.94512
2.444700E+00	4.18501
2.447800E+00	3.85995
2.453200E+00	4.42501
2.453500E+00	3.47497
2.455900E+00	3.38013
2.458000E+00	4.04496
2.460900E+00	3.78003
2.465100E+00	3.16685
2.468100E+00	3.0556
2.470800E+00	2.37224
2.473500E+00	2.80562
2.475000E+00	3.55561
2.477100E+00	4.47768
2.481000E+00	5.17775
2.482200E+00	4.88905
2.484000E+00	4.71106
2.486100E+00	4.23319
2.487900E+00	3.50556
2.490000E+00	2.99438
2.492400E+00	2.77776
2.496300E+00	3.05559
2.500000E+00	3.16099
2.506200E+00	4.20562
2.511900E+00	2.79994
2.513400E+00	2.61646
2.514600E+00	2.38319
2.518800E+00	2.75562
2.522400E+00	3.3889
2.527200E+00	3.76108
2.532000E+00	3.97778
2.534100E+00	2.58888
2.537100E+00	2.26672
2.540100E+00	2.42208
2.543400E+00	3.05564
2.545800E+00	3.55561
2.551800E+00	3.18886
2.554800E+00	2.46109
2.559900E+00	2.59425
2.561700E+00	3.13345
2.564100E+00	2.96659
2.567700E+00	3.11684
2.571900E+00	3.98331
2.574000E+00	3.1944
2.577300E+00	3.49454
2.580000E+00	4.22781
2.582100E+00	4.06097
2.588100E+00	4.26671
2.592000E+00	5.24443
2.593800E+00	5.42232
2.595600E+00	5.72785
2.598000E+00	5.48329
2.599800E+00	4.98894
2.604300E+00	4.14438
2.605200E+00	2.83327
2.609700E+00	2.70559
2.614500E+00	3.98328
2.620500E+00	4.81668
2.625600E+00	3.0722
2.628600E+00	2.31111
2.632800E+00	2.77767
2.634300E+00	4.41676
2.639400E+00	4.75559
2.643300E+00	5.04989
2.647200E+00	4.47777
2.649300E+00	3.62795
2.651400E+00	3.7501
2.658000E+00	4.17224
2.661300E+00	2.92218
2.666100E+00	2.49445
2.670900E+00	2.95004
2.675100E+00	2.18874
2.678400E+00	3.01113
2.682900E+00	4.0612
2.689200E+00	4.99429
2.694000E+00	4.12782
2.697600E+00	4.05562
2.700000E+00	4.86669
2.704000E+00	5.16114
2.708500E+00	4.18346
2.714500E+00	3.67215
2.717200E+00	4.15558
2.719300E+00	3.52783
2.722500E+00	2.91668
2.723700E+00	2.53891
2.726500E+00	2.67783
2.732500E+00	2.36112
2.737700E+00	3.01105
2.743000E+00	3.95559
2.746000E+00	3.19426
2.747500E+00	3.45023
2.749700E+00	4.04996
2.750000E+00	4.76124
2.757300E+00	4.70838
2.763800E+00	3.42226
2.766200E+00	3.23898
2.769700E+00	3.03884
2.771800E+00	3.51099
2.775500E+00	4.31655
2.780800E+00	5.03887
2.785300E+00	4.39447
2.790000E+00	3.53328
2.793500E+00	2.88326
2.797500E+00	2.63891
2.803500E+00	2.82785
2.809000E+00	3.63319
2.817000E+00	4.78886
2.821700E+00	2.82223
2.826300E+00	2.38891
2.832800E+00	2.60556
2.837800E+00	2.45558
2.841300E+00	2.94997
2.844000E+00	3.18312
2.847500E+00	3.06659
2.851700E+00	3.34444
2.857500E+00	3.22205
2.862700E+00	4.27222
2.866800E+00	3.06669
2.869500E+00	3.26665
2.875300E+00	3.82222
2.881800E+00	3.2166
2.889500E+00	4.34442
2.892300E+00	2.85558
2.896300E+00	3.11668
2.899500E+00	4.46671
2.903800E+00	4.93326
2.918400E+00	5.7388
2.922900E+00	2.38892
2.925900E+00	3.41674
2.930000E+00	4.00561
2.935600E+00	4.16668
2.940100E+00	4.81108
2.944300E+00	4.31099
2.946500E+00	3.6555
2.953300E+00	3.89998
2.956600E+00	3.81672
2.960800E+00	5
2.964100E+00	5.6612
2.979900E+00	5.21668
2.983600E+00	2.86104
2.990400E+00	2.66666
2.995300E+00	3.7055
2.999000E+00	3.18325
3.000000E+00	3.49998
3.002000E+00	3.6685
3.007600E+00	4.00559
3.011700E+00	4.34439
3.017000E+00	3.66113
3.021900E+00	2.84442
3.031200E+00	2.40555
3.038400E+00	4.46674
3.049300E+00	2.76655
3.058600E+00	4.05004
3.063500E+00	2.95003
3.069500E+00	3.38887
3.074400E+00	2.81112
3.076600E+00	2.69436
3.087100E+00	2.49438
3.090100E+00	3.00002
3.093900E+00	2.82785
3.097600E+00	3.56668
3.105100E+00	3.82777
3.107700E+00	4.05558
3.112600E+00	3.56666
3.123900E+00	3.16669
3.131800E+00	4.66674
3.143400E+00	3.5277
3.151300E+00	4.70005
3.163300E+00	3.58892
3.168500E+00	3.23892
3.176000E+00	2.66107
3.182400E+00	3.37769
3.186900E+00	3.03329
3.191400E+00	3.21668
3.200000E+00	2.82217
3.204100E+00	3.6167
3.209000E+00	3.26894
3.214600E+00	3.01557
3.222500E+00	3.60218
3.233400E+00	2.76674
3.240100E+00	3.73113
3.245700E+00	2.78435
3.248700E+00	2.91335
3.250000E+00	3.34437
3.254000E+00	3.17554
3.262600E+00	2.65563
3.267500E+00	2.54443
3.270100E+00	2.24224
3.278000E+00	2.36674
3.285900E+00	3.29115
3.293400E+00	3.92666
3.295600E+00	3.19796
3.298600E+00	3.33995
3.301600E+00	3.01565
3.305700E+00	2.60216
3.311400E+00	2.40235
3.318900E+00	2.54888
3.326700E+00	3.51328
3.333900E+00	4.15326
3.341000E+00	3.51329
3.348500E+00	4.19329
3.350700E+00	3.40229
3.354100E+00	3.20218
3.357500E+00	3.31329
3.362400E+00	3.5132
3.371000E+00	3.62441
3.377000E+00	3.23341
3.387500E+00	3.52221
3.390100E+00	2.67332
3.394600E+00	2.83781
3.401400E+00	3.31332
3.407000E+00	2.99333
3.412200E+00	3.28223
3.417100E+00	3.25112
3.421200E+00	3.41113
3.424600E+00	3.64673
3.430600E+00	3.49113
3.433200E+00	4.06894
3.438408E+00	4.53563
3.439200E+00	4.08376
3.447100E+00	4.01538
3.456500E+00	3.26426
3.467700E+00	4.34429
3.472200E+00	3.3932
3.479700E+00	3.57097
3.483100E+00	3.11326
3.488700E+00	3.24666
3.495500E+00	3.85102
3.499200E+00	3.42441
3.500000E+00	3.55363
3.503000E+00	3.50804
3.508500E+00	3.33612
3.514500E+00	3.2111
3.518000E+00	3.52216
3.524500E+00	3.74168
3.529000E+00	3.94433
3.529500E+00	3.73583
3.535000E+00	3.73612
3.543000E+00	4
3.547500E+00	3.49721
3.557000E+00	3.59441
3.560500E+00	4.0139
3.567500E+00	3.83892
3.574000E+00	3.95276
3.579500E+00	3.58891
3.585500E+00	3.96109
3.591000E+00	4.24155
3.600000E+00	4.12503
3.605000E+00	4.49722
3.608500E+00	4.12511
3.619000E+00	4.07783
3.626000E+00	3.59999
3.629000E+00	3.92233
3.635500E+00	3.74996
3.644000E+00	3.86942
3.657500E+00	4.54172
3.662500E+00	3.52222
3.674500E+00	3.7055
3.681500E+00	4.02503
3.686000E+00	3.59997
3.698000E+00	3.74717
3.700000E+00	3.9333
3.703000E+00	3.84341
3.710000E+00	3.70828
3.713500E+00	4.06393
3.722000E+00	3.9639
3.728000E+00	3.28905
3.732000E+00	3.33892
3.737500E+00	3.46113
3.746500E+00	3.58065
3.750000E+00	4.21105
3.758500E+00	4.05289
3.767500E+00	3.66931
3.783000E+00	3.16667
3.787000E+00	4.02234
3.790500E+00	4.0139
3.797500E+00	4.06939
3.801500E+00	4.07217
3.808500E+00	4.29443
3.812500E+00	3.83881
3.823500E+00	3.95277
3.831046E+00	3.63331
3.832000E+00	4.12823
3.834000E+00	4.19124
3.842500E+00	4.10516
3.847000E+00	3.51892
3.863500E+00	3.57736
3.873500E+00	2.65518
3.878500E+00	3.23296
3.889500E+00	3.13039
3.898500E+00	3.68858
3.900000E+00	3.46635
3.902500E+00	3.50899
3.911200E+00	3.58
3.914400E+00	3.59757
3.918800E+00	3.74135
3.923800E+00	3.67538
3.927500E+00	3.83476
3.931900E+00	3.63644
3.936900E+00	3.59936
3.953800E+00	3.33905
3.963800E+00	4.05069
3.972500E+00	3.61707
3.983100E+00	4.15183
3.993800E+00	3.96527
4.000000E+00	3.23619
4.002249E+00	3.49671
4.013100E+00	3.44044
4.026300E+00	3.17561
4.042500E+00	4.24518
4.055600E+00	4.00206
4.067500E+00	3.65794
4.082500E+00	4.23932
4.085000E+00	4.00412
4.090600E+00	4.04689
4.092500E+00	3.98267
4.100000E+00	4.17139
4.108100E+00	3.74737
4.117500E+00	3.28673
4.123800E+00	3.73781
4.127500E+00	3.80972
4.134400E+00	3.76704
4.138100E+00	3.93419
4.156900E+00	4.11501
4.166900E+00	3.32558
4.176900E+00	3.6696
4.190000E+00	3.19923
4.196900E+00	3.99643
4.200000E+00	3.68139
4.205600E+00	3.81336
4.215600E+00	4.05077
4.224400E+00	3.71061
4.228100E+00	3.64438
4.240600E+00	3.50644
4.260600E+00	3.50637
4.276300E+00	3.27106
4.288100E+00	3.60155
4.293100E+00	3.25931
4.304400E+00	3.35078
4.310000E+00	4.26474
4.322500E+00	4.15584
4.332500E+00	3.68717
4.341900E+00	3.82142
4.350000E+00	3.45783
4.365000E+00	3.55312
4.371300E+00	3.21864
4.379400E+00	3.30032
4.385000E+00	3.57642
4.395600E+00	3.39753
4.400000E+00	2.90751
4.406000E+00	3.02233
4.444200E+00	3.17795
4.452500E+00	4.1267
4.459200E+00	3.83315
4.466000E+00	3.37612
4.475000E+00	3.76111
4.488500E+00	4.11502
4.493700E+00	3.62889
4.500000E+00	3.6832
4.502000E+00	3.15191
4.511000E+00	2.98324
4.522200E+00	3.33533
4.538000E+00	3.85443
4.543200E+00	3.18359
4.550800E+00	3.36639
4.553000E+00	3.31595
4.565800E+00	3.50826
4.578500E+00	3.33713
4.600000E+00	3.74167
4.605047E+00	3.36771
4.610000E+00	3.2796
4.616000E+00	3.19334
4.624200E+00	3.30029
4.635500E+00	3.86031
4.640000E+00	3.72418
4.651200E+00	3.77673
4.658000E+00	3.36248
4.664000E+00	3.44611
4.688700E+00	3.64826
4.694000E+00	2.96395
4.709700E+00	3.01436
4.715000E+00	3.61715
4.718700E+00	3.55106
4.727700E+00	3.62104
4.737500E+00	3.36063
4.748700E+00	3.62498
4.758500E+00	3.25763
4.774200E+00	3.48309
4.793000E+00	2.86668
4.800000E+00	3.65423
4.808700E+00	3.40548
4.814700E+00	3.09606
4.821500E+00	3.19134
4.824500E+00	3.12136
4.829000E+00	3.2517
4.841000E+00	3.17971
4.856000E+00	3.70666
4.871000E+00	3.41106
4.874500E+00	3.64246
4.875500E+00	3.45409
4.882300E+00	3.53937
4.887500E+00	3.45579
4.896500E+00	3.57442
4.902500E+00	3.29434
4.906200E+00	3.37622
4.913700E+00	3.19919
4.922700E+00	3.42273
4.928000E+00	3.49275
4.941500E+00	3.20111
4.955700E+00	3.78433
4.967700E+00	3.53749
4.975300E+00	2.98914
4.988000E+00	3.22031
4.997700E+00	3.08829
5.000000E+00	3.43634
5.013800E+00	3.43988
5.023800E+00	3.45992
5.035000E+00	3.24994
5.042500E+00	3.34557
5.052500E+00	3.48776
5.057500E+00	3.33438
5.062500E+00	3.37554
5.080000E+00	3.5877
5.090000E+00	3.24441
5.097500E+00	3.35003
5.113700E+00	3.55002
5.118700E+00	2.86221
5.123700E+00	3.14107
5.128800E+00	3.39003
5.135000E+00	3.3911
5.147500E+00	3.46227
5.160000E+00	3.32782
5.163762E+00	3.29337
5.170000E+00	3.20267
5.181200E+00	3.05229
5.187500E+00	3.01002
5.192500E+00	3.1012
5.197500E+00	3.25446
5.200000E+00	3.56332
5.223700E+00	3.52752
5.228700E+00	3.18773
5.238700E+00	3.28001
5.250000E+00	3.24336
5.256300E+00	3.35221
5.265000E+00	3.18109
5.273800E+00	3.27335
5.285000E+00	3.28891
5.291200E+00	3.53996
5.298700E+00	3.49443
5.308700E+00	3.5411
5.315000E+00	3.43106
5.332500E+00	3.45223
5.337500E+00	3.23106
5.343166E+00	3.27894
5.347500E+00	3.26486
5.352500E+00	3.25432
5.356200E+00	3.55426
5.370000E+00	3.62993
5.380000E+00	3.6878
5.381097E+00	3.31668
5.386300E+00	3.3366
5.396300E+00	3.43198
5.401300E+00	3.33188
5.411852E+00	3.36537
5.423700E+00	3.27352
5.441300E+00	3.1719
5.460000E+00	3.29313
5.466300E+00	3.12203
5.473700E+00	3.22993
5.497500E+00	3.03099
5.500000E+00	3.40787
5.523800E+00	3.37691
5.557500E+00	3.07673
5.563800E+00	3.52892
5.573800E+00	3.34669
5.593700E+00	3.4678
5.600000E+00	3.15111
5.637500E+00	3.21344
5.691300E+00	3.58109
5.700000E+00	3.06004
5.716300E+00	3.15146
5.750000E+00	3.32221
5.756308E+00	3.01366
5.758800E+00	2.95587
5.768610E+00	2.93317
5.800000E+00	3.01109
5.810000E+00	3.26308
5.858700E+00	3.34318
5.872500E+00	2.96988
5.888800E+00	3.3121
5.898800E+00	3.24431
5.900000E+00	3.41428
5.928700E+00	3.40489
5.947500E+00	3.17999
5.998800E+00	3.35671
6.000000E+00	2.96221
6.034000E+00	2.97222
6.048480E+00	3.25001
6.054000E+00	3.08642
6.072000E+00	3.02435
6.120000E+00	3.2155
6.156000E+00	2.75555
6.170500E+00	3.25997
6.176626E+00	3.19577
6.180727E+00	3.16865
6.192000E+00	3.15071
6.200000E+00	3.10214
6.206000E+00	3.17588
6.232000E+00	3.23108
6.248000E+00	3.03886
6.250000E+00	3.24671
6.278000E+00	3.22537
6.298000E+00	2.92552
6.300000E+00	3.2176
6.328000E+00	3.20268
6.374000E+00	2.99217
6.396000E+00	3.11779
6.400000E+00	3.06562
6.424000E+00	3.0807
6.443169E+00	3.17006
6.458000E+00	3.03741
6.490000E+00	2.93554
6.500000E+00	3.09994
6.504000E+00	2.98811
6.530000E+00	2.94325
6.536000E+00	3.0477
6.566000E+00	2.93889
6.594000E+00	3.18214
6.600000E+00	2.96559
6.622000E+00	3.01238
6.652000E+00	3.18342
6.673832E+00	2.92216
6.684000E+00	3.11844
6.700000E+00	3.21098
6.718000E+00	3.10906
6.738000E+00	2.99434
6.750000E+00	3.11998
6.788000E+00	3.03152
6.798000E+00	2.75107
6.800000E+00	2.90671
6.824000E+00	2.90795
6.848000E+00	2.92104
6.878000E+00	3.04323
6.900000E+00	2.91001
6.921922E+00	2.916
6.956000E+00	2.92188
7.000000E+00	2.93221
7.008000E+00	3.11088
7.064000E+00	3.1433
7.096000E+00	3.04214
7.100000E+00	3.17334
7.130000E+00	3.15151
7.141308E+00	2.98773
7.166000E+00	3.02753
7.166937E+00	3.11444
7.190000E+00	3.10733
7.200000E+00	2.93222
7.216000E+00	2.9833
7.217170E+00	3.06444
7.250000E+00	3.06259
7.270000E+00	3.01082
7.284000E+00	2.97893
7.293032E+00	3.07663
7.312000E+00	3.00429
7.384000E+00	2.85323
7.400000E+00	3.02886
7.430000E+00	3.01117
7.448000E+00	2.97669
7.463210E+00	3.10431
7.500000E+00	3.04708
7.520000E+00	2.90981
7.592000E+00	2.8356
7.600000E+00	2.96553
7.615000E+00	2.9472
7.648000E+00	2.91199
7.693000E+00	2.86393
7.725652E+00	2.98844
7.732000E+00	2.86682
7.750000E+00	2.84349
7.780000E+00	2.83604
7.800000E+00	2.82216
7.822020E+00	2.86619
7.825000E+00	2.91359
7.867000E+00	2.92005
7.888000E+00	2.81327
7.927000E+00	2.88798
8.000000E+00	2.89606
8.092000E+00	2.70841
8.137000E+00	2.95107
8.173000E+00	2.83817
8.245000E+00	2.85601
8.250000E+00	2.79019
8.275000E+00	2.79266
8.316148E+00	2.80893
8.338000E+00	2.77354
8.374000E+00	2.75475
8.428000E+00	2.83565
8.452000E+00	2.69241
8.500000E+00	2.76804
8.509000E+00	2.72606
8.539634E+00	2.71817
8.551000E+00	2.81295
8.600000E+00	2.84813
8.638000E+00	2.81276
8.662442E+00	2.8578
8.686000E+00	2.80481
8.725000E+00	2.75374
8.750000E+00	2.81602
8.764968E+00	2.7877
8.800000E+00	2.76981
8.802627E+00	2.72796
8.807738E+00	2.72482
8.812629E+00	2.71871
8.817318E+00	2.71287
8.821820E+00	2.70727
8.830324E+00	2.70189
8.838235E+00	2.69174
8.843048E+00	2.68229
8.847664E+00	2.67655
8.856368E+00	2.67104
8.864453E+00	2.66065
8.872000E+00	2.651
8.878645E+00	2.642
8.884922E+00	2.65198
8.890870E+00	2.66141
8.896522E+00	2.67035
8.902908E+00	2.67885
8.908954E+00	2.68846
8.914693E+00	2.69755
8.920156E+00	2.70619
8.926302E+00	2.71442
8.932132E+00	2.72369
8.937677E+00	2.73248
8.942963E+00	2.74086
8.948887E+00	2.74885
8.954516E+00	2.75781
8.959879E+00	2.76634
8.965000E+00	2.77449
8.970013E+00	2.78227
8.974813E+00	2.77656
8.979418E+00	2.77111
8.983843E+00	2.7659
8.992209E+00	2.76091
9.000000E+00	2.75152
9.023582E+00	2.74285
9.046000E+00	2.71579
9.064341E+00	2.69013
9.081970E+00	2.70674
9.099498E+00	2.72276
9.116375E+00	2.73873
9.133160E+00	2.75416
9.149347E+00	2.76957
9.165449E+00	2.78448
9.181000E+00	2.79939
9.200000E+00	2.81385
9.240780E+00	2.777
9.250000E+00	2.69486
9.280000E+00	2.6763
9.332267E+00	2.61588
9.382000E+00	2.66048
9.400000E+00	2.70304
9.418632E+00	2.69282
9.454000E+00	2.68161
9.500000E+00	2.66038
9.530050E+00	2.7097
9.559000E+00	2.69311
9.600000E+00	2.67719
9.610000E+00	2.71888
9.646000E+00	2.72887
9.670000E+00	2.67332
9.699013E+00	2.69266
9.727000E+00	2.6768
9.760000E+00	2.6616
9.800000E+00	2.68228
9.805987E+00	2.63589
9.850000E+00	2.6289
9.882305E+00	2.57773
9.913342E+00	2.60119
9.943733E+00	2.62398
9.973000E+00	2.64657
1.000000E+01	2.66861
1.000300E+01	2.63905
1.003469E+01	2.63564
1.006500E+01	2.64366
1.011080E+01	2.65143
1.015500E+01	2.59348
1.018045E+01	2.53777
1.020500E+01	2.55425
1.024370E+01	2.57022
1.028037E+01	2.55021
1.032598E+01	2.53145
1.037000E+01	2.50841
1.040000E+01	2.4865
1.044000E+01	2.50163
1.047058E+01	2.52197
1.050000E+01	2.51199
1.053058E+01	2.50257
1.056000E+01	2.49117
1.058407E+01	2.4803
1.060735E+01	2.48649
1.065306E+01	2.49254
1.069774E+01	2.50462
1.074000E+01	2.51671
1.078597E+01	2.5284
1.083039E+01	2.50972
1.087384E+01	2.492
1.091500E+01	2.475
1.095865E+01	2.45922
1.100000E+01	2.46067
1.102717E+01	2.46241
1.105343E+01	2.46092
1.110500E+01	2.45953
1.113325E+01	2.45696
1.116051E+01	2.45288
1.118772E+01	2.449
1.121402E+01	2.4452
1.126567E+01	2.44158
1.131558E+01	2.43467
1.136456E+01	2.42823
1.141065E+01	2.42216
1.145660E+01	2.41668
1.150000E+01	2.41146
1.153596E+01	2.40676
1.157033E+01	2.40219
1.160000E+01	2.39794
1.163810E+01	2.39437
1.170350E+01	2.38986
1.176668E+01	2.38245
1.182833E+01	2.37574
1.185829E+01	2.36963
1.188699E+01	2.36683
1.191651E+01	2.36425
1.194482E+01	2.36172
1.197296E+01	2.35941
1.200000E+01	2.35722
1.203527E+01	2.35523
1.206933E+01	2.35019
1.210248E+01	2.34543
1.213410E+01	2.34088
1.216760E+01	2.33664
1.219999E+01	2.33225
1.223156E+01	2.3281
1.226175E+01	2.32416
1.229386E+01	2.32048
1.232453E+01	2.31666
1.235467E+01	2.31312
1.238355E+01	2.30973
1.240000E+01	2.30658
1.242611E+01	2.30483
1.245127E+01	2.30201
1.247607E+01	2.29937
1.250000E+01	2.29683
1.253309E+01	2.29444
1.256465E+01	2.28655
1.259566E+01	2.27914
1.262533E+01	2.27197
1.265685E+01	2.26522
1.268698E+01	2.25817
1.271660E+01	2.25154
1.274500E+01	2.24514
1.277305E+01	2.23912
1.280000E+01	2.24145
1.283850E+01	2.2438
1.287556E+01	2.24726
1.290840E+01	2.25081
1.293974E+01	2.25413
1.297053E+01	2.25746
1.300000E+01	2.2609
1.306000E+01	2.26435
1.313150E+01	2.26538
1.320000E+01	2.25513
1.325848E+01	2.24554
1.328582E+01	2.23753
1.334160E+01	2.23384
1.339554E+01	2.22646
1.350000E+01	2.21949
1.360000E+01	2.20651
1.368008E+01	2.1937
1.375751E+01	2.18388
1.382082E+01	2.17482
1.388189E+01	2.16773
1.394195E+01	2.1612
1.400000E+01	2.15507
1.410000E+01	2.14944
1.424000E+01	2.15479
1.437296E+01	2.16328
1.450000E+01	2.14826
1.456200E+01	2.13495
1.464500E+01	2.12549
1.481000E+01	2.13817
1.500000E+01	2.09523
1.504449E+01	2.11667
1.508716E+01	2.11699
1.512816E+01	2.11735
1.516760E+01	2.11775
1.520562E+01	2.11818
1.524230E+01	2.11863
1.527773E+01	2.11911
1.531200E+01	2.11961
1.536227E+01	2.12013
1.541023E+01	2.11623
1.545608E+01	2.11258
1.550000E+01	2.10916
1.554181E+01	2.10595
1.558200E+01	2.10291
1.562849E+01	2.10007
1.567300E+01	2.10635
1.573843E+01	2.11246
1.580000E+01	2.10924
1.581110E+01	2.10639
1.582155E+01	2.10591
1.583141E+01	2.10547
1.584075E+01	2.10506
1.584963E+01	2.10468
1.585808E+01	2.10433
1.587386E+01	2.10401
1.588841E+01	2.10343
1.590186E+01	2.10292
1.591435E+01	2.10249
1.592602E+01	2.10212
1.593714E+01	2.10182
1.594761E+01	2.10156
1.595749E+01	2.10136
1.596684E+01	2.10121
1.597573E+01	2.10111
1.598420E+01	2.10106
1.600000E+01	2.10105
1.602859E+01	2.10119
1.605599E+01	2.10003
1.608229E+01	2.09901
1.610758E+01	2.09811
1.613194E+01	2.09732
1.615542E+01	2.09665
1.617809E+01	2.09608
1.620000E+01	2.09562
1.634000E+01	2.09526
1.640000E+01	2.10916
1.650000E+01	2.10202
1.660000E+01	2.08993
1.664800E+01	2.07882
1.672300E+01	2.07366
1.680000E+01	2.12162
1.694000E+01	2.10073
1.700000E+01	2.06296
1.703700E+01	2.08099
1.720000E+01	2.09154
1.730700E+01	2.08224
1.745000E+01	2.07624
1.750000E+01	2.10212
1.756200E+01	2.08309
1.777300E+01	2.05944
1.800000E+01	2.08761
1.801300E+01	2.07153
1.828300E+01	2.07021
1.840200E+01	2.09661
1.850000E+01	2.09759
1.860500E+01	2.08385
1.869500E+01	2.06912
1.880700E+01	2.09666
1.900000E+01	2.06197
1.905500E+01	2.09429
1.943800E+01	2.10299
1.950000E+01	2.11186
1.968500E+01	2.1045
1.980500E+01	2.08241
2.000000E+01	2.125