MeV	Cl-nat
1.00000E-11	1838.27
1.10240E-11	1750.9
1.21504E-11	1667.85
1.33946E-11	1588.6
1.47633E-11	1513.27
1.62750E-11	1441.38
1.79381E-11	1373.05
1.97749E-11	1307.85
2.17956E-11	1245.87
2.40274E-11	1186.72
2.64826E-11	1130.51
2.91943E-11	1076.87
3.21775E-11	1025.88
3.54723E-11	977.233
3.90970E-11	930.993
4.31005E-11	886.872
4.75046E-11	844.94
5.23690E-11	804.929
5.77202E-11	766.906
6.36306E-11	730.627
7.01326E-11	696.151
7.73139E-11	663.259
8.52142E-11	632.003
9.39398E-11	602.185
1.03539E-10	573.853
1.14141E-10	546.825
1.25804E-10	521.147
1.38686E-10	496.654
1.52858E-10	473.384
1.68510E-10	451.192
1.85729E-10	430.112
2.04747E-10	410.009
2.25669E-10	390.916
2.48777E-10	372.711
2.74198E-10	355.439
2.78066E-10	353.141
3.02275E-10	338.967
3.10804E-10	334.603
3.33162E-10	323.324
3.47396E-10	317.05
3.67277E-10	308.409
3.88296E-10	300.431
4.04807E-10	294.248
4.34011E-10	284.701
4.46258E-10	280.75
4.85109E-10	269.813
4.91858E-10	267.937
5.42223E-10	255.728
5.97629E-10	244.162
6.06060E-10	242.626
6.58824E-10	233.143
6.77414E-10	230.227
7.26145E-10	222.692
7.67702E-10	217.088
8.00501E-10	212.727
8.70192E-10	204.653
8.82299E-10	203.269
9.72643E-10	194.276
9.86175E-10	193.101
1.07203E-09	185.756
1.11783E-09	182.341
1.18180E-09	177.64
1.28469E-09	171.057
1.30256E-09	169.929
1.43594E-09	162.608
1.47646E-09	160.67
1.58267E-09	155.668
1.72046E-09	150.022
1.74474E-09	149.042
1.92302E-09	142.779
2.00517E-09	140.268
2.11993E-09	136.811
2.33655E-09	131.138
2.36952E-09	130.387
2.57581E-09	125.757
2.83901E-09	120.62
3.12972E-09	115.759
3.44953E-09	111.108
3.80275E-09	106.704
4.19133E-09	102.487
4.25046E-09	101.928
4.62050E-09	98.4817
5.09264E-09	94.6518
5.38409E-09	92.5889
5.61412E-09	90.9843
6.18779E-09	87.4932
6.82140E-09	84.1231
7.01387E-09	83.2264
7.51843E-09	80.9103
8.28830E-09	77.815
9.13523E-09	74.8274
9.52551E-09	73.6179
1.00706E-08	71.9516
1.10997E-08	69.1915
1.22363E-08	66.5177
1.34866E-08	63.9415
1.48676E-08	61.4903
1.63868E-08	59.1475
1.80648E-08	56.9095
1.96375E-08	55.0844
1.99107E-08	54.8063
2.07614E-08	53.9417
2.13472E-08	53.352
2.19495E-08	52.8228
2.32057E-08	51.7206
2.41924E-08	50.9634
2.50875E-08	50.2772
2.53000E-08	50.1262
2.75026E-08	48.6873
2.78906E-08	48.4669
2.98970E-08	47.3289
3.07406E-08	46.9162
3.29584E-08	45.8327
3.38884E-08	45.4428
3.63262E-08	44.4226
3.73512E-08	44.0526
4.00459E-08	43.0816
4.11758E-08	42.7294
4.41379E-08	41.8076
4.53833E-08	41.4719
4.73222E-08	40.95
4.86575E-08	40.5924
5.00305E-08	40.2731
5.36295E-08	39.4374
5.51428E-08	39.1319
5.91210E-08	38.3298
6.07892E-08	38.0374
6.51622E-08	37.2723
6.70009E-08	36.9934
7.18346E-08	36.2614
7.38616E-08	35.9954
7.91750E-08	35.2992
8.14090E-08	35.0452
8.72822E-08	34.3786
8.97450E-08	34.1363
9.62011E-08	33.5022
9.89155E-08	33.2722
1.06052E-07	32.6684
1.09044E-07	32.45
1.16889E-07	31.8785
1.20187E-07	31.67
1.27185E-07	31.2283
1.28858E-07	31.1264
1.32493E-07	30.9341
1.42025E-07	30.431
1.46032E-07	30.2474
1.56568E-07	29.7656
1.60985E-07	29.5907
1.72566E-07	29.1332
1.77435E-07	28.9665
1.92883E-07	28.4384
1.95604E-07	28.3572
2.12634E-07	27.8495
2.15592E-07	27.7724
2.34361E-07	27.2836
2.37668E-07	27.2084
2.58359E-07	26.738
2.61954E-07	26.6665
2.84759E-07	26.2133
2.92794E-07	26.0737
3.13918E-07	25.7071
3.22776E-07	25.5738
3.45995E-07	25.2249
3.51207E-07	25.1561
3.55758E-07	25.1007
3.86730E-07	24.724
3.92186E-07	24.6655
4.26330E-07	24.3002
4.32261E-07	24.2451
4.69894E-07	23.896
4.76524E-07	23.8428
5.18010E-07	23.5107
5.25217E-07	23.4608
5.78997E-07	23.0891
5.87052E-07	23.0405
6.38161E-07	22.7324
6.47165E-07	22.6828
7.13294E-07	22.3193
7.64755E-07	22.0368
7.86334E-07	21.934
8.08521E-07	21.8284
8.54792E-07	21.6512
8.66684E-07	21.6136
9.03711E-07	21.4969
9.96056E-07	21.2559
1.00000E-06	21.2434
1.01411E-06	21.2048
1.05306E-06	21.1081
1.12903E-06	20.9198
1.16089E-06	20.841
1.26196E-06	20.6168
1.27951E-06	20.5779
1.35274E-06	20.4425
1.41053E-06	20.3357
1.53333E-06	20.1427
1.57660E-06	20.086
1.71386E-06	19.9065
1.83715E-06	19.7693
1.99709E-06	19.6135
2.05344E-06	19.5704
2.17096E-06	19.4807
2.23222E-06	19.443
2.24105E-06	19.4376
2.35996E-06	19.3537
2.42655E-06	19.3112
2.53022E-06	19.2452
2.60162E-06	19.1998
2.71224E-06	19.1441
2.94837E-06	19.0253
3.03156E-06	18.9836
3.16108E-06	18.926
3.35522E-06	18.8398
3.38848E-06	18.8234
3.43628E-06	18.7998
3.63294E-06	18.7209
3.73545E-06	18.6798
3.95485E-06	18.5983
4.00417E-06	18.5729
4.41418E-06	18.3972
4.47559E-06	18.3709
4.66680E-06	18.2994
5.00252E-06	18.1741
5.06782E-06	18.1524
5.43804E-06	17.9588
5.51476E-06	17.9187
5.99488E-06	17.6834
6.07195E-06	17.6489
6.07828E-06	17.6449
6.51679E-06	17.3693
6.97833E-06	17.0793
6.98560E-06	17.0767
7.18270E-06	17.0114
7.91819E-06	16.7676
8.02835E-06	16.7343
8.24629E-06	16.6685
8.25488E-06	16.6656
8.97356E-06	16.4284
9.47723E-06	16.2623
1.00300E-05	16.0983
1.09033E-05	15.8562
1.10571E-05	15.8156
1.20197E-05	15.5621
1.27076E-05	15.381
1.34349E-05	15.1986
1.41889E-05	15.0094
1.42037E-05	15.0067
1.50166E-05	14.8605
1.56551E-05	14.7458
1.60968E-05	14.6696
1.77451E-05	14.3852
1.79920E-05	14.3443
2.01102E-05	13.9936
2.03727E-05	13.9501
2.03939E-05	13.946
2.21695E-05	13.6111
2.40995E-05	13.2551
2.47538E-05	13.1368
2.69369E-05	12.8196
3.00769E-05	12.374
3.01082E-05	12.3707
3.22741E-05	12.1403
3.55419E-05	11.8028
3.60739E-05	11.7534
3.97678E-05	11.4215
4.03210E-05	11.3733
4.14156E-05	11.2781
4.14587E-05	11.2741
4.44497E-05	10.9993
4.76473E-05	10.7117
4.96830E-05	10.5286
5.10317E-05	10.4085
5.32570E-05	10.2323
5.47598E-05	10.1132
6.03670E-05	9.67689
6.12068E-05	9.61154
6.47096E-05	9.34025
6.56226E-05	9.2704
7.03433E-05	8.90919
7.23281E-05	8.75889
7.54182E-05	8.52489
7.64674E-05	8.44607
7.96513E-05	8.20688
8.08436E-05	8.13845
8.54702E-05	7.87468
8.96483E-05	7.63817
9.02676E-05	7.59007
9.03616E-05	7.58052
9.54335E-05	7.06689
9.55329E-05	7.05792
9.96143E-05	6.69068
9.98568E-05	6.66886
1.00895E-04	6.62882
1.01000E-04	6.62639
1.03850E-04	6.5605
1.08287E-04	6.45762
1.09793E-04	6.42324
1.11342E-04	6.38789
1.17714E-04	6.24333
1.20598E-04	6.1789
1.25708E-04	6.08408
1.32902E-04	5.95246
1.35286E-04	5.90935
1.36672E-04	5.88427
1.40162E-04	5.83248
1.48384E-04	5.71232
1.52364E-04	5.65417
1.61084E-04	5.52849
1.61302E-04	5.52535
1.65629E-04	5.46333
1.66063E-04	5.45715
1.72705E-04	5.3816
1.80293E-04	5.29619
1.85129E-04	5.24176
1.99872E-04	5.07783
2.00389E-04	5.07208
2.09844E-04	4.8943
2.19318E-04	4.71688
2.20000E-04	4.70412
2.20776E-04	4.6896
2.23547E-04	4.63776
2.29399E-04	4.5367
2.29782E-04	4.53007
2.35872E-04	4.4253
2.39286E-04	4.36656
2.39599E-04	4.36117
2.39685E-04	4.35973
2.40083E-04	4.35302
2.40482E-04	4.34632
2.40849E-04	4.34016
2.41014E-04	4.33743
2.41811E-04	4.32422
2.42874E-04	4.30662
2.43009E-04	4.30439
2.43691E-04	4.29417
2.44549E-04	4.28134
2.45692E-04	4.26425
2.46549E-04	4.25144
2.47407E-04	4.23865
2.48285E-04	4.22556
2.49205E-04	4.21187
2.50125E-04	4.19819
2.51045E-04	4.18453
2.51964E-04	4.17089
2.52884E-04	4.15727
2.54158E-04	4.13845
2.55113E-04	4.12436
2.56068E-04	4.1103
2.57342E-04	4.09161
2.57979E-04	4.08228
2.59011E-04	4.06719
2.60000E-04	4.05298
2.60754E-04	4.04256
2.60917E-04	4.04031
2.62420E-04	4.01991
2.63839E-04	4.00072
2.64165E-04	3.99632
2.64904E-04	3.98687
2.65968E-04	3.97327
2.67387E-04	3.95522
2.68844E-04	3.93677
2.69222E-04	3.93201
2.69592E-04	3.92738
2.71461E-04	3.90411
2.72582E-04	3.89022
2.74077E-04	3.87181
2.75187E-04	3.85822
2.76298E-04	3.84472
2.77779E-04	3.82683
2.79283E-04	3.80878
2.79360E-04	3.80817
2.79630E-04	3.80615
2.80000E-04	3.80332
2.80420E-04	3.80036
2.81218E-04	3.7946
2.82520E-04	3.78555
2.84871E-04	3.76939
2.86720E-04	3.75706
2.88890E-04	3.74286
2.89588E-04	3.73845
2.91739E-04	3.72507
2.93796E-04	3.71252
2.94342E-04	3.70934
2.96228E-04	3.69848
2.98227E-04	3.6872
2.99529E-04	3.68005
3.00000E-04	3.67737
3.01459E-04	3.66873
3.04232E-04	3.65245
3.05837E-04	3.64206
3.11037E-04	3.61052
3.15425E-04	3.58573
3.22069E-04	3.55201
3.24037E-04	3.54234
3.24325E-04	3.5414
3.30398E-04	3.52537
3.35079E-04	3.51586
3.42458E-04	3.50616
3.49057E-04	3.50327
3.50000E-04	3.50262
3.51852E-04	3.49878
3.54938E-04	3.4919
3.62414E-04	3.48117
3.74534E-04	3.47304
3.74689E-04	3.47411
3.75015E-04	3.47868
3.75251E-04	3.48197
3.75623E-04	3.48687
3.79049E-04	3.56868
3.79984E-04	3.60489
3.80000E-04	3.60592
3.80918E-04	3.66329
3.84968E-04	3.97937
3.88730E-04	4.30067
3.89984E-04	4.41517
3.90000E-04	4.41691
3.92492E-04	4.67874
3.93746E-04	4.82378
3.94216E-04	4.90255
3.94530E-04	4.97845
3.94843E-04	5.08312
3.95000E-04	5.15071
3.95077E-04	5.18399
3.95310E-04	5.30449
3.95502E-04	5.42346
3.95620E-04	5.49633
3.95930E-04	5.71993
3.96240E-04	5.96973
3.96705E-04	6.3832
3.97170E-04	6.83538
3.97637E-04	7.32713
3.98110E-04	7.86408
3.98582E-04	8.44325
3.99055E-04	9.0629
3.99843E-04	10.1636
4.00000E-04	10.3954
4.00787E-04	11.5544
4.01377E-04	12.4738
4.01967E-04	13.4552
4.02557E-04	14.515
4.03147E-04	15.6583
4.04074E-04	17.5108
4.04421E-04	18.1127
4.04653E-04	18.4397
4.04884E-04	18.6884
4.04938E-04	18.7229
4.05175E-04	18.8746
4.05438E-04	18.9228
4.05700E-04	18.8715
4.06050E-04	18.6874
4.06401E-04	18.4237
4.07054E-04	17.8663
4.07801E-04	17.2288
4.08465E-04	16.6974
4.08852E-04	16.388
4.09202E-04	16.0424
4.09464E-04	15.7184
4.09727E-04	15.3176
4.09989E-04	14.8284
4.10252E-04	14.2512
4.10515E-04	13.5995
4.10942E-04	12.441
4.11509E-04	10.8889
4.11849E-04	10.0178
4.12190E-04	9.2126
4.12518E-04	8.49974
4.12823E-04	7.89201
4.13129E-04	7.33354
4.13434E-04	6.82164
4.13739E-04	6.35516
4.13943E-04	6.06981
4.14172E-04	5.77426
4.14426E-04	5.47943
4.14617E-04	5.28274
4.14808E-04	5.10755
4.14999E-04	4.95374
4.15000E-04	4.95314
4.15190E-04	4.82041
4.15445E-04	4.67165
4.15699E-04	4.55093
4.15954E-04	4.45174
4.16336E-04	4.32976
4.16845E-04	4.19315
4.17609E-04	4.00841
4.18487E-04	3.81148
4.18911E-04	3.72547
4.19040E-04	3.69916
4.19593E-04	3.60429
4.19961E-04	3.55644
4.20000E-04	3.55293
4.20330E-04	3.52195
4.20699E-04	3.50039
4.21067E-04	3.48843
4.21481E-04	3.48437
4.22542E-04	3.47284
4.23782E-04	3.46459
4.34897E-04	3.39018
4.44375E-04	3.3335
4.50000E-04	3.29962
4.62011E-04	3.21495
4.71228E-04	3.15716
4.78262E-04	3.11653
4.78398E-04	3.11581
4.81749E-04	3.09818
4.89010E-04	3.06062
4.94225E-04	3.036
5.00000E-04	3.00855
5.05581E-04	2.95975
5.07054E-04	2.9473
5.11162E-04	2.913
5.15645E-04	2.87758
5.18718E-04	2.85364
5.21504E-04	2.83212
5.26401E-04	2.79663
5.30724E-04	2.76582
5.35083E-04	2.73637
5.38926E-04	2.71078
5.42797E-04	2.68611
5.46207E-04	2.66464
5.49638E-04	2.64382
5.51198E-04	2.63445
5.52658E-04	2.62636
5.55454E-04	2.61158
5.64131E-04	2.56628
5.65147E-04	2.56123
5.69904E-04	2.53783
5.72892E-04	2.5232
5.74661E-04	2.51484
5.79552E-04	2.49202
5.87194E-04	2.45757
5.89687E-04	2.4465
5.96798E-04	2.41606
5.98711E-04	2.40792
6.00000E-04	2.40264
6.02189E-04	2.4084
6.05837E-04	2.41837
6.11673E-04	2.43439
6.22074E-04	2.46379
6.33369E-04	2.49598
6.39627E-04	2.5142
6.46679E-04	2.53488
6.55038E-04	2.5597
6.61280E-04	2.57834
6.66000E-04	2.59265
6.79939E-04	2.63509
6.82788E-04	2.64389
6.99124E-04	2.69457
7.00000E-04	2.69736
7.11782E-04	2.656
7.21387E-04	2.62239
7.31866E-04	2.58597
7.39135E-04	2.56079
7.48331E-04	2.52914
7.49113E-04	2.52673
7.61523E-04	2.48839
7.65251E-04	2.4769
7.70513E-04	2.46071
7.80524E-04	2.43013
7.95131E-04	2.38561
8.00000E-04	2.37079
8.11287E-04	2.35717
8.45783E-04	2.31559
8.97341E-04	2.25413
9.00495E-04	2.2504
9.06802E-04	2.2432
9.45360E-04	2.20466
9.99463E-04	2.15064
1.04663E-03	2.12202
1.12070E-03	2.07722
1.20000E-03	2.02937
1.24900E-03	1.94194
1.30000E-03	1.85098
1.30229E-03	1.85002
1.34907E-03	1.84998
1.40000E-03	1.85028
1.43950E-03	1.86955
1.44966E-03	1.87451
1.48012E-03	1.88954
1.50000E-03	1.89935
1.59823E-03	1.84171
1.60000E-03	1.84425
1.60423E-03	1.86711
1.64879E-03	2.15043
1.65000E-03	2.15411
1.65095E-03	2.15295
1.65291E-03	2.15056
1.69578E-03	2.01405
1.69656E-03	2.01159
1.70000E-03	2.00062
1.74443E-03	1.85935
1.79365E-03	1.71815
1.79682E-03	1.70905
1.79729E-03	1.7082
1.80000E-03	1.70326
1.80156E-03	1.7004
1.80310E-03	1.70021
1.80469E-03	1.70001
1.82483E-03	1.7005
1.84685E-03	1.70106
1.84844E-03	1.7011
1.85000E-03	1.70485
1.85077E-03	1.70939
1.85310E-03	1.72326
1.85653E-03	1.74878
1.87483E-03	1.88536
1.89630E-03	2.05832
1.89843E-03	2.07546
1.90084E-03	2.08323
1.90503E-03	2.07193
1.94859E-03	1.91312
1.94981E-03	1.90395
1.95026E-03	1.90053
1.95361E-03	1.85875
1.96392E-03	1.7158
1.98110E-03	1.5028
1.99823E-03	1.32029
2.00000E-03	1.30712
2.00176E-03	1.30107
2.02822E-03	1.29511
2.05643E-03	1.28875
2.11446E-03	1.27717
2.24728E-03	1.25068
2.25000E-03	1.25179
2.29762E-03	1.35925
2.31349E-03	1.3965
2.40315E-03	1.62393
2.48548E-03	1.85858
2.49866E-03	1.89391
2.50000E-03	1.89752
2.60681E-03	1.8539
2.73861E-03	1.7988
2.77725E-03	1.78266
2.99713E-03	1.7016
3.00000E-03	1.70556
3.00313E-03	1.72021
3.02500E-03	1.85879
3.05000E-03	2.02829
3.09688E-03	2.25439
3.10000E-03	2.26192
3.10351E-03	2.25274
3.13606E-03	2.09573
3.14915E-03	2.03255
3.15618E-03	1.98174
3.17490E-03	1.83624
3.19373E-03	1.70389
3.20000E-03	1.66316
3.22481E-03	1.57838
3.24962E-03	1.49709
3.29610E-03	1.36265
3.29843E-03	1.3559
3.30109E-03	1.35354
3.30190E-03	1.3546
3.31164E-03	1.36746
3.39656E-03	1.49467
3.40000E-03	1.49736
3.44797E-03	1.42812
3.49594E-03	1.35639
3.59458E-03	1.20861
3.59729E-03	1.20456
3.60000E-03	1.20338
3.60466E-03	1.21038
3.64966E-03	1.31008
3.69601E-03	1.41965
3.70000E-03	1.42908
3.84708E-03	1.63529
4.00000E-03	1.8693
4.14536E-03	1.98719
4.14768E-03	1.99513
4.14942E-03	2.01163
4.15000E-03	2.02119
4.15066E-03	2.03214
4.15265E-03	2.0798
4.15530E-03	2.16051
4.15928E-03	2.2948
4.16326E-03	2.43965
4.16856E-03	2.64495
4.17122E-03	2.75213
4.17638E-03	2.97596
4.18155E-03	3.2178
4.18672E-03	3.48233
4.19188E-03	3.76535
4.19831E-03	4.14166
4.20000E-03	4.23154
4.20088E-03	4.27828
4.20730E-03	4.56899
4.21537E-03	4.93578
4.22123E-03	5.22276
4.23295E-03	5.85023
4.23864E-03	6.17922
4.24829E-03	6.76196
4.25104E-03	6.88966
4.25518E-03	7.02112
4.27448E-03	7.54507
4.27500E-03	7.55151
4.27655E-03	7.57092
4.27759E-03	7.55262
4.27862E-03	7.49484
4.27966E-03	7.3841
4.28000E-03	7.32803
4.28062E-03	7.22637
4.28156E-03	7.02729
4.28250E-03	6.79227
4.28500E-03	6.08709
4.28750E-03	5.39024
4.29079E-03	4.5203
4.29276E-03	4.01869
4.29434E-03	3.6419
4.29552E-03	3.38116
4.29631E-03	3.22037
4.29715E-03	3.0624
4.29799E-03	2.92079
4.29883E-03	2.79784
4.29967E-03	2.69519
4.30000E-03	2.66319
4.30051E-03	2.61315
4.30135E-03	2.55039
4.30220E-03	2.50401
4.30304E-03	2.47022
4.30430E-03	2.43483
4.30640E-03	2.39378
4.31650E-03	2.23052
4.32323E-03	2.12892
4.34230E-03	1.86683
4.35579E-03	1.70192
4.37378E-03	1.50725
4.37827E-03	1.4606
4.39593E-03	1.29784
4.39864E-03	1.27692
4.40000E-03	1.27064
4.40097E-03	1.26614
4.40388E-03	1.26244
4.46208E-03	1.28929
4.70000E-03	1.39903
5.00000E-03	1.26101
5.24405E-03	1.37821
5.49697E-03	1.49991
5.50000E-03	1.50766
5.50383E-03	1.52875
5.53065E-03	1.72496
5.55760E-03	1.94863
5.58129E-03	2.16845
5.60211E-03	2.38138
5.62101E-03	2.59292
5.62361E-03	2.62535
5.65251E-03	2.98577
5.67673E-03	3.32597
5.69386E-03	3.5895
5.72241E-03	4.07464
5.74655E-03	4.52842
5.74914E-03	4.55679
5.75000E-03	4.56004
5.75270E-03	4.54817
5.75721E-03	4.48655
5.77882E-03	4.14784
5.80764E-03	3.73952
5.83135E-03	3.4362
5.87306E-03	2.96326
5.87367E-03	2.95721
5.90454E-03	2.65143
5.92826E-03	2.43969
5.96402E-03	2.1536
5.99550E-03	1.93185
6.00000E-03	1.90428
6.00769E-03	1.87422
6.06155E-03	1.69403
6.10812E-03	1.55414
6.17865E-03	1.36582
6.24554E-03	1.21054
6.25000E-03	1.20277
6.25827E-03	1.2
6.37142E-03	1.19999
6.55119E-03	1.20014
6.74555E-03	1.20047
6.75000E-03	1.20541
6.75384E-03	1.21741
6.75387E-03	1.21751
6.78075E-03	1.33414
6.80778E-03	1.46331
6.83152E-03	1.58692
6.87325E-03	1.82884
6.90472E-03	2.0341
6.92842E-03	2.20343
6.96412E-03	2.48445
6.99551E-03	2.75825
6.99888E-03	2.77528
7.00000E-03	2.77606
7.00271E-03	2.76618
7.00723E-03	2.7271
7.02890E-03	2.51011
7.05781E-03	2.24952
7.08155E-03	2.05677
7.10310E-03	1.89712
7.13901E-03	1.65876
7.16660E-03	1.49673
7.18610E-03	1.39234
7.21861E-03	1.23506
7.24608E-03	1.11758
7.25000E-03	1.10577
7.25400E-03	1.10155
7.25559E-03	1.10136
7.49583E-03	1.14939
7.74468E-03	1.19915
7.75000E-03	1.20437
7.75578E-03	1.22047
7.78082E-03	1.30891
7.83504E-03	1.52301
7.87596E-03	1.7062
7.90679E-03	1.85825
7.95326E-03	2.1123
7.99416E-03	2.36494
7.99708E-03	2.38827
8.00000E-03	2.42332
8.00308E-03	2.47792
8.00822E-03	2.59291
8.01644E-03	2.79565
8.02465E-03	3.01426
8.03287E-03	3.25176
8.04386E-03	3.60075
8.05118E-03	3.84666
8.06217E-03	4.25234
8.06926E-03	4.53729
8.07636E-03	4.84511
8.08581E-03	5.28011
8.10000E-03	5.98741
8.10873E-03	6.36702
8.11746E-03	6.73843
8.13055E-03	7.34539
8.14162E-03	7.89873
8.14833E-03	8.25153
8.16174E-03	9.01181
8.18099E-03	10.225
8.19061E-03	10.8885
8.20412E-03	11.8843
8.21577E-03	12.8264
8.23130E-03	14.1868
8.24377E-03	15.3985
8.24688E-03	15.7523
8.24922E-03	16.0938
8.25000E-03	16.2411
8.25156E-03	16.5365
8.25312E-03	16.8881
8.25623E-03	17.69
8.26141E-03	19.1861
8.26658E-03	20.82
8.27175E-03	22.5651
8.27692E-03	24.4587
8.28209E-03	26.5183
8.28786E-03	29.0347
8.29494E-03	32.3296
8.29697E-03	33.1339
8.29848E-03	33.5685
8.30000E-03	33.7978
8.30082E-03	33.8268
8.30218E-03	33.7333
8.30381E-03	33.4246
8.30654E-03	32.6201
8.31525E-03	29.6678
8.32397E-03	26.9603
8.33050E-03	25.1016
8.33486E-03	23.9276
8.34207E-03	22.1149
8.34928E-03	20.4386
8.35649E-03	18.89
8.36370E-03	17.461
8.37079E-03	16.1625
8.37788E-03	14.9615
8.38496E-03	13.853
8.39205E-03	12.8426
8.40151E-03	11.5845
8.40960E-03	10.6126
8.41567E-03	9.93292
8.42175E-03	9.30098
8.42579E-03	8.9008
8.43389E-03	8.15391
8.44091E-03	7.55774
8.44793E-03	7.00744
8.45495E-03	6.50326
8.46198E-03	6.02626
8.46911E-03	5.58094
8.47623E-03	5.17495
8.48574E-03	4.67085
8.49287E-03	4.3313
8.49644E-03	4.1766
8.49881E-03	4.09151
8.50000E-03	4.06054
8.50095E-03	4.03573
8.50381E-03	3.9921
8.50762E-03	3.96467
8.56095E-03	3.71242
8.66866E-03	3.25721
8.75033E-03	2.95288
8.87429E-03	2.54907
8.96857E-03	2.28705
8.98645E-03	2.23961
9.00000E-03	2.20364
9.24001E-03	2.15212
9.25395E-03	2.14913
9.50000E-03	2.1
9.74679E-03	2.05079
1.00000E-02	2.0003
1.04663E-02	2.0002
1.08303E-02	2.00014
1.11116E-02	2.00009
1.15473E-02	2.00003
1.19828E-02	1.99998
1.20000E-02	2.00122
1.24900E-02	2.36648
1.29212E-02	2.73297
1.30000E-02	2.79641
1.32293E-02	2.52354
1.34284E-02	2.30767
1.34907E-02	2.24824
1.37112E-02	2.03808
1.40000E-02	1.80109
1.44885E-02	1.70253
1.44934E-02	1.70483
1.44967E-02	1.71502
1.44992E-02	1.73298
1.45000E-02	1.74253
1.45012E-02	1.75604
1.45035E-02	1.79299
1.45070E-02	1.86419
1.45116E-02	1.97485
1.45186E-02	2.15543
1.45255E-02	2.35282
1.45325E-02	2.56818
1.45393E-02	2.80027
1.45461E-02	3.04725
1.45528E-02	3.31826
1.45595E-02	3.61252
1.45662E-02	3.92913
1.45729E-02	4.27438
1.45777E-02	4.54186
1.45849E-02	4.97643
1.45945E-02	5.60238
1.45982E-02	5.81467
1.46006E-02	5.92896
1.46042E-02	6.05404
1.46090E-02	6.1649
1.46499E-02	6.93326
1.46906E-02	7.80175
1.46953E-02	7.92783
1.46984E-02	8.05549
1.47000E-02	8.14645
1.47010E-02	8.20625
1.47041E-02	8.44117
1.47082E-02	8.82021
1.47144E-02	9.4572
1.47206E-02	10.146
1.47268E-02	10.8846
1.47329E-02	11.6773
1.47401E-02	12.6679
1.47472E-02	13.7484
1.47544E-02	14.927
1.47615E-02	16.1863
1.47687E-02	17.5524
1.47747E-02	18.7903
1.47819E-02	20.4092
1.47937E-02	23.2489
1.47964E-02	23.8076
1.47982E-02	24.085
1.48000E-02	24.2594
1.48020E-02	24.3223
1.48041E-02	24.255
1.48068E-02	24.0194
1.48109E-02	23.517
1.48218E-02	22.0569
1.48328E-02	20.6979
1.48481E-02	18.9276
1.48613E-02	17.5412
1.48788E-02	15.8417
1.48935E-02	14.5453
1.48984E-02	14.0445
1.49000E-02	13.8387
1.49020E-02	13.5778
1.49082E-02	12.6669
1.49155E-02	11.5631
1.49222E-02	10.6294
1.49285E-02	9.81157
1.49349E-02	9.05763
1.49412E-02	8.36187
1.49476E-02	7.72116
1.49542E-02	7.1121
1.49613E-02	6.50655
1.49685E-02	5.94821
1.49756E-02	5.43963
1.49827E-02	4.97795
1.49898E-02	4.55582
1.49943E-02	4.3189
1.49972E-02	4.18359
1.49994E-02	4.10093
1.50000E-02	4.08507
1.50017E-02	4.03717
1.50046E-02	3.97892
1.50076E-02	3.94124
1.50372E-02	3.69179
1.51025E-02	3.20633
1.51516E-02	2.88424
1.51886E-02	2.66447
1.52442E-02	2.3661
1.52930E-02	2.13388
1.53000E-02	2.10923
1.53067E-02	2.10182
1.53084E-02	2.10162
1.59937E-02	2.20055
1.60000E-02	2.21331
1.60047E-02	2.23612
1.60373E-02	2.46568
1.60498E-02	2.55612
1.60872E-02	2.85868
1.61136E-02	3.09353
1.61576E-02	3.52815
1.62000E-02	3.99663
1.62499E-02	4.47412
1.62937E-02	4.92974
1.62984E-02	4.95985
1.63000E-02	4.96344
1.63047E-02	4.95264
1.63187E-02	4.84314
1.63500E-02	4.58327
1.64000E-02	4.20445
1.64997E-02	3.66734
1.66000E-02	3.19654
1.66498E-02	2.88108
1.66872E-02	2.66225
1.67435E-02	2.36506
1.67947E-02	2.12707
1.68000E-02	2.11307
1.68026E-02	2.11139
1.68105E-02	2.12127
1.68500E-02	2.20065
1.68914E-02	2.28392
1.68967E-02	2.30364
1.69000E-02	2.32813
1.69002E-02	2.32936
1.69037E-02	2.36872
1.69090E-02	2.44669
1.69172E-02	2.58836
1.69316E-02	2.84912
1.69412E-02	3.03722
1.69507E-02	3.23718
1.69630E-02	3.51659
1.69784E-02	3.90052
1.69877E-02	4.15101
1.69938E-02	4.33313
1.69969E-02	4.43931
1.70000E-02	4.56737
1.70035E-02	4.7453
1.70070E-02	4.9548
1.70116E-02	5.26501
1.70186E-02	5.7698
1.70255E-02	6.32328
1.70325E-02	6.92941
1.70391E-02	7.55712
1.70449E-02	8.16266
1.70508E-02	8.81732
1.70567E-02	9.52775
1.70625E-02	10.2964
1.70684E-02	11.1196
1.70743E-02	12.0179
1.70802E-02	12.9926
1.70862E-02	14.0492
1.70941E-02	15.5239
1.70970E-02	16.0091
1.71000E-02	16.3779
1.71029E-02	16.6011
1.71059E-02	16.7033
1.71078E-02	16.7273
1.71234E-02	16.6598
1.71937E-02	16.2195
1.71976E-02	16.137
1.72000E-02	16.0372
1.72015E-02	15.9741
1.72054E-02	15.7256
1.72249E-02	14.1574
1.72367E-02	13.2824
1.72484E-02	12.4681
1.72660E-02	11.3347
1.72769E-02	10.6807
1.72932E-02	9.75959
1.72970E-02	9.5037
1.73008E-02	9.18052
1.73045E-02	8.78369
1.73141E-02	7.67678
1.73202E-02	7.02633
1.73264E-02	6.42841
1.73325E-02	5.87917
1.73386E-02	5.37705
1.73447E-02	4.91808
1.73506E-02	4.51368
1.73565E-02	4.14444
1.73624E-02	3.80661
1.73683E-02	3.49397
1.73742E-02	3.20636
1.73787E-02	3.00471
1.73837E-02	2.79457
1.73887E-02	2.5999
1.73925E-02	2.46592
1.73950E-02	2.38608
1.73975E-02	2.31815
1.74000E-02	2.26625
1.74000E-02	2.26573
1.74025E-02	2.23008
1.74050E-02	2.20899
1.74088E-02	2.19467
1.74364E-02	2.16736
1.76975E-02	1.93401
1.80000E-02	1.70115
1.90000E-02	1.50039
1.92681E-02	1.50024
1.97681E-02	1.49995
2.00000E-02	1.50026
2.02822E-02	1.54278
2.09762E-02	1.64734
2.20000E-02	1.8016
2.22459E-02	2.01017
2.24320E-02	2.18372
2.27142E-02	2.47279
2.30000E-02	2.80185
2.31227E-02	3.0398
2.33390E-02	3.50919
2.35025E-02	3.90821
2.36259E-02	4.23729
2.38122E-02	4.78382
2.40000E-02	5.40416
2.41486E-02	6.15359
2.42607E-02	6.78623
2.44297E-02	7.85956
2.46000E-02	9.10248
2.46994E-02	9.93149
2.48492E-02	11.3202
2.49953E-02	12.8367
2.50000E-02	12.856
2.50094E-02	12.8242
2.52000E-02	11.3542
2.54000E-02	9.98718
2.54994E-02	8.80394
2.55742E-02	7.99983
2.56869E-02	6.92985
2.58000E-02	6.00308
2.58998E-02	5.31224
2.59875E-02	4.77775
2.59937E-02	4.75409
2.59984E-02	4.76656
2.60000E-02	4.78466
2.60027E-02	4.81625
2.60055E-02	4.86665
2.60109E-02	4.99549
2.60218E-02	5.2888
2.60328E-02	5.60418
2.60437E-02	5.94072
2.60648E-02	6.65119
2.60719E-02	6.90186
2.60930E-02	7.71363
2.61000E-02	7.94534
2.61062E-02	8.0958
2.61499E-02	8.85875
2.62000E-02	9.79032
2.62998E-02	11.2925
2.63937E-02	12.8805
2.64020E-02	12.9442
2.64029E-02	12.9448
2.64156E-02	12.8748
2.65952E-02	11.4274
2.66030E-02	11.316
2.66186E-02	10.9893
2.66499E-02	10.3074
2.67248E-02	8.85471
2.68000E-02	7.60358
2.68499E-02	6.84781
2.68850E-02	6.36138
2.69436E-02	5.62816
2.69929E-02	5.08146
2.70000E-02	5.02109
2.70078E-02	4.98263
2.72489E-02	4.35963
2.72500E-02	4.35709
2.75000E-02	3.80404
2.80000E-02	3.50047
2.90000E-02	3.10022
3.00000E-02	2.80009
3.10000E-02	2.55009
3.20000E-02	2.35009
3.29515E-02	2.20723
3.30000E-02	2.20298
3.31875E-02	2.37849
3.32500E-02	2.43831
3.34656E-02	2.66357
3.35000E-02	2.69955
3.38750E-02	3.03753
3.40000E-02	3.14615
3.44797E-02	2.91021
3.45000E-02	2.89621
3.48394E-02	2.66238
3.50000E-02	2.55207
3.50097E-02	2.5454
3.54965E-02	2.31416
3.59876E-02	2.10615
3.60000E-02	2.10089
3.70000E-02	2.00025
3.75220E-02	1.99994
3.80000E-02	1.99993
3.90000E-02	2
3.95587E-02	1.99998
4.00000E-02	1.99981
4.10000E-02	1.95027
4.20000E-02	2.00012
4.30000E-02	2.10085
4.34971E-02	2.33656
4.40000E-02	2.59958
4.50000E-02	2.99965
4.60000E-02	3.29933
4.70000E-02	3.39899
4.79946E-02	3.20092
4.80000E-02	3.19932
4.90000E-02	2.90048
5.00000E-02	2.74978
5.10000E-02	2.54005
5.20000E-02	2.35003
5.30000E-02	2.20178
5.30117E-02	2.20004
5.30234E-02	2.19999
5.40000E-02	2.20218
5.40281E-02	2.20224
5.50000E-02	2.28036
5.60000E-02	2.44992
5.70000E-02	2.60011
5.80000E-02	2.78004
5.90000E-02	2.96968
6.00000E-02	3.05841
6.10000E-02	2.71834
6.10299E-02	2.70818
6.14980E-02	2.52295
6.20000E-02	2.34212
6.29840E-02	2.54664
6.30000E-02	2.5523
6.40000E-02	2.90756
6.49029E-02	2.65719
6.50000E-02	2.62749
6.60000E-02	2.32153
6.69893E-02	2.39918
6.80000E-02	2.64982
6.90000E-02	2.84982
7.00000E-02	2.99978
7.10000E-02	3.08975
7.20000E-02	3.09949
7.30000E-02	2.98928
7.40000E-02	2.70991
7.50000E-02	2.39935
7.54983E-02	2.16904
7.60000E-02	1.95981
7.64984E-02	1.73192
7.68746E-02	1.58043
7.70000E-02	1.53298
7.75000E-02	1.68305
7.80000E-02	1.85114
7.84984E-02	2.14669
7.88746E-02	2.40415
7.90000E-02	2.48658
8.00000E-02	2.34948
8.10000E-02	2.11129
8.20000E-02	2.1603
8.30000E-02	2.27935
8.40000E-02	2.2394
8.50000E-02	2.04022
8.60000E-02	1.90018
8.70000E-02	1.8
8.80000E-02	1.71003
8.90000E-02	1.6324
8.93750E-02	1.79559
8.95000E-02	1.85107
9.00000E-02	2.09798
9.10000E-02	2.1486
9.20000E-02	1.90107
9.30000E-02	1.88037
9.40000E-02	1.93991
9.50000E-02	1.98979
9.57500E-02	1.98999
9.60000E-02	1.98979
9.70000E-02	1.9473
9.73544E-02	1.93224
9.90000E-02	1.85004
1.00000E-01	1.80009
1.05000E-01	1.65815
1.06000E-01	1.62976
1.06977E-01	1.6006
1.06992E-01	1.60241
1.07000E-01	1.60727
1.07010E-01	1.61333
1.07117E-01	1.74072
1.07312E-01	2.00247
1.07625E-01	2.47681
1.07750E-01	2.66521
1.07984E-01	3.07125
1.08000E-01	3.09004
1.08020E-01	3.09517
1.08995E-01	2.89841
1.09015E-01	2.88551
1.09249E-01	2.67219
1.09624E-01	2.36351
1.10000E-01	2.09131
1.10499E-01	1.85727
1.11000E-01	1.65048
1.11499E-01	1.4926
1.11984E-01	1.35485
1.12000E-01	1.3533
1.12031E-01	1.3617
1.12500E-01	1.53768
1.13000E-01	1.75061
1.13499E-01	2.02828
1.14000E-01	2.34884
1.14499E-01	2.56524
1.14984E-01	2.79077
1.15000E-01	2.78672
1.15015E-01	2.76706
1.15137E-01	2.51625
1.15312E-01	2.19133
1.15488E-01	1.91064
1.15500E-01	1.898
1.15516E-01	1.89068
1.16000E-01	1.8791
1.17000E-01	1.71387
1.17039E-01	1.73352
1.17273E-01	1.87709
1.17624E-01	2.11379
1.17988E-01	2.3894
1.18000E-01	2.39392
1.18031E-01	2.38806
1.18500E-01	2.21226
1.19000E-01	2.04051
1.20000E-01	1.83082
1.21000E-01	1.77981
1.22000E-01	1.70005
1.23000E-01	1.63971
1.24000E-01	1.5397
1.26000E-01	1.26003
1.27000E-01	1.15039
1.28000E-01	1.14048
1.29000E-01	1.25025
1.30000E-01	1.4401
1.31000E-01	1.6499
1.31989E-01	1.84335
1.32735E-01	2.00304
1.33863E-01	2.26892
1.35000E-01	2.56962
1.36492E-01	2.88563
1.38000E-01	3.23927
1.39000E-01	3.369
1.40000E-01	3.34958
1.41000E-01	3.24917
1.41989E-01	3.00345
1.43487E-01	2.66805
1.44979E-01	2.37468
1.45000E-01	2.37046
1.46492E-01	2.2042
1.48000E-01	2.05021
1.50000E-01	1.94017
1.55000E-01	1.81006
1.60000E-01	1.7501
1.65000E-01	1.73994
1.70000E-01	1.6695
1.72482E-01	1.47338
1.75000E-01	1.29956
1.76237E-01	1.1514
1.77170E-01	1.05123
1.77482E-01	1.02151
1.78579E-01	0.917087
1.79938E-01	0.805894
1.79989E-01	0.801718
1.80000E-01	0.802675
1.80010E-01	0.803517
1.80234E-01	0.862229
1.80624E-01	0.976393
1.81000E-01	1.10065
1.81249E-01	1.20834
1.81624E-01	1.3907
1.82000E-01	1.6004
1.82249E-01	1.75515
1.82467E-01	1.90302
1.82849E-01	2.19218
1.83136E-01	2.43733
1.83352E-01	2.63924
1.83675E-01	2.97393
1.84000E-01	3.34852
1.84499E-01	3.8182
1.84875E-01	4.21683
1.85000E-01	4.34333
1.85250E-01	4.35998
1.85500E-01	4.36621
1.85992E-01	4.10121
1.86039E-01	4.04286
1.86250E-01	3.73448
1.86484E-01	3.42251
1.86500E-01	3.40738
1.86547E-01	3.39062
1.87750E-01	3.15041
1.88000E-01	3.1005
1.88500E-01	3.04221
1.89000E-01	3.15229
1.89499E-01	3.44641
1.90000E-01	3.76294
1.90500E-01	3.55997
1.91000E-01	3.34977
1.91159E-01	3.27816
1.92000E-01	2.90056
1.93000E-01	2.54308
1.94000E-01	2.65042
1.95000E-01	2.82982
1.97000E-01	3.14922
1.98000E-01	3.19574
1.98500E-01	2.91202
1.99000E-01	2.65052
1.99499E-01	2.43114
2.00000E-01	2.23212
2.01000E-01	2.14925
2.01998E-01	1.96729
2.03000E-01	1.79971
2.03997E-01	1.59884
2.05000E-01	1.42089
2.06000E-01	1.38015
2.06500E-01	1.37511
2.07000E-01	1.37008
2.08000E-01	1.38001
2.09000E-01	1.40021
2.10000E-01	1.46027
2.11000E-01	1.55519
2.12000E-01	1.6501
2.13495E-01	1.83017
2.15000E-01	2.02959
2.17000E-01	2.19791
2.17984E-01	2.00323
2.18000E-01	2.00166
2.20000E-01	1.80072
2.20750E-01	1.80001
2.21000E-01	1.80037
2.22000E-01	1.85072
2.23000E-01	1.99984
2.24000E-01	2.13927
2.25000E-01	2.1897
2.26000E-01	2.20973
2.27000E-01	2.22977
2.27500E-01	2.22991
2.28000E-01	2.2297
2.29000E-01	2.19999
2.30000E-01	2.17959
2.32000E-01	2.04963
2.33495E-01	1.89405
2.35000E-01	1.74952
2.36000E-01	1.60165
2.38000E-01	1.76804
2.38750E-01	1.64243
2.39000E-01	1.59843
2.39499E-01	1.41446
2.40000E-01	1.25147
2.40500E-01	1.19044
2.40750E-01	1.15993
2.41000E-01	1.13186
2.41500E-01	1.20086
2.41960E-01	1.26433
2.42030E-01	1.27755
2.42498E-01	1.39538
2.43248E-01	1.60683
2.44000E-01	1.84916
2.44500E-01	1.95967
2.44750E-01	2.01493
2.45000E-01	2.06738
2.47000E-01	1.83167
2.48000E-01	1.94031
2.49000E-01	2.0976
2.50000E-01	1.94956
2.51000E-01	1.74979
2.52000E-01	1.53177
2.53000E-01	1.55063
2.54000E-01	1.66048
2.55000E-01	1.84017
2.56000E-01	2.04773
2.57000E-01	1.96887
2.57500E-01	1.8603
2.58250E-01	1.69744
2.58750E-01	1.59244
2.59000E-01	1.54279
2.59843E-01	1.6749
2.60000E-01	1.70194
2.60007E-01	1.70323
2.60500E-01	1.867
2.61000E-01	2.04634
2.61843E-01	1.9656
2.62000E-01	1.9475
2.62007E-01	1.94663
2.62500E-01	1.79389
2.63000E-01	1.65179
2.64000E-01	1.60135
2.65000E-01	1.72956
2.66000E-01	1.80972
2.67000E-01	1.8591
2.68000E-01	1.79917
2.69000E-01	1.64027
2.70000E-01	1.52145
2.71000E-01	1.59067
2.72000E-01	1.74942
2.73000E-01	1.83895
2.73809E-01	1.80735
2.74000E-01	1.7999
2.75000E-01	1.74919
2.76000E-01	1.60054
2.77000E-01	1.52007
2.78000E-01	1.45047
2.79000E-01	1.44031
2.80000E-01	1.4704
2.81000E-01	1.55052
2.81535E-01	1.62716
2.81998E-01	1.69348
2.83000E-01	1.85128
2.83998E-01	2.16387
2.85000E-01	2.52943
2.85998E-01	2.82331
2.87000E-01	3.14859
2.88000E-01	3.29799
2.89000E-01	3.19921
2.89479E-01	3.10365
2.90000E-01	2.99975
2.90998E-01	2.76605
2.92000E-01	2.54983
2.93000E-01	2.31094
2.95000E-01	2.05152
2.96000E-01	2.10128
2.96753E-01	2.24936
2.97000E-01	2.29789
2.98000E-01	2.24789
2.99000E-01	1.9494
2.99500E-01	1.7666
3.00000E-01	1.60164
3.01000E-01	1.47071
3.02000E-01	1.43088
3.02938E-01	1.49559
3.03250E-01	1.52497
3.04000E-01	1.59993
3.05000E-01	1.69987
3.07000E-01	1.89977
3.09000E-01	2.04918
3.10000E-01	2.02906
3.11000E-01	1.8994
3.12000E-01	1.70058
3.12984E-01	1.57329
3.12988E-01	1.57324
3.13031E-01	1.58012
3.13500E-01	1.72752
3.14000E-01	1.89842
3.14250E-01	1.9838
3.14500E-01	2.06785
3.15000E-01	2.24946
3.15500E-01	2.3997
3.16125E-01	2.58751
3.16250E-01	2.62387
3.16500E-01	2.69661
3.16875E-01	2.66251
3.17750E-01	2.55959
3.18000E-01	2.53019
3.19000E-01	2.42951
3.20000E-01	2.26983
3.20998E-01	2.08783
3.22000E-01	1.9203
3.24000E-01	1.65102
3.25000E-01	1.6302
3.25750E-01	1.63003
3.26000E-01	1.6315
3.27000E-01	1.79908
3.27500E-01	1.82861
3.28000E-01	1.85814
3.28500E-01	1.77948
3.30000E-01	1.54348
3.30063E-01	1.53364
3.31000E-01	1.40076
3.32000E-01	1.34022
3.33000E-01	1.30084
3.34000E-01	1.35083
3.35000E-01	1.50028
3.36248E-01	1.73225
3.37187E-01	1.93298
3.37500E-01	2.00309
3.37687E-01	2.10664
3.37874E-01	2.21399
3.38437E-01	2.57771
3.39000E-01	3.00038
3.39500E-01	3.39941
3.39875E-01	3.7371
3.40000E-01	3.84378
3.40250E-01	3.89997
3.40500E-01	3.94821
3.40750E-01	3.94997
3.41000E-01	3.94408
3.41266E-01	3.77241
3.41312E-01	3.72793
3.41484E-01	3.4778
3.41500E-01	3.46531
3.41516E-01	3.45281
3.41688E-01	3.43122
3.42000E-01	3.40262
3.42469E-01	3.49437
3.42500E-01	3.51021
3.42516E-01	3.51812
3.43500E-01	4.49467
3.44000E-01	4.69732
3.44500E-01	4.74555
3.46031E-01	4.13428
3.48000E-01	3.15249
3.49000E-01	2.93017
3.49500E-01	2.83023
3.50000E-01	2.73029
3.51248E-01	2.5222
3.52500E-01	2.3303
3.55000E-01	2.03048
3.57500E-01	1.86078
3.59876E-01	1.89805
3.59891E-01	1.89828
3.60031E-01	1.90403
3.62000E-01	2.14981
3.62500E-01	2.19913
3.62750E-01	2.20004
3.63000E-01	2.19913
3.63500E-01	2.14767
3.64000E-01	1.96978
3.64500E-01	1.77578
3.64875E-01	1.64389
3.65000E-01	1.60279
3.65500E-01	1.57505
3.66000E-01	1.55226
3.66750E-01	1.69374
3.67000E-01	1.74613
3.67500E-01	1.85089
3.68000E-01	1.99914
3.69000E-01	2.19849
3.69250E-01	2.20868
3.69500E-01	2.21886
3.70016E-01	2.17681
3.71000E-01	1.99978
3.72000E-01	1.80117
3.72500E-01	1.76576
3.73000E-01	1.73034
3.74000E-01	1.70007
3.75000E-01	1.68017
3.78000E-01	1.67971
3.79000E-01	1.64934
3.80000E-01	1.55069
3.82000E-01	1.50182
3.83000E-01	1.67028
3.84000E-01	1.87029
3.85000E-01	2.09987
3.86248E-01	2.36816
3.88748E-01	2.96859
3.90000E-01	3.29942
3.91000E-01	3.4989
3.91500E-01	3.53928
3.91750E-01	3.54004
3.92000E-01	3.53928
3.92500E-01	3.4989
3.93000E-01	3.39861
3.94000E-01	3.04975
3.95250E-01	2.57754
3.96000E-01	2.30223
3.97000E-01	2.16033
3.98000E-01	2.05061
3.99000E-01	1.99957
4.00000E-01	1.9005
4.01000E-01	1.80143
4.02000E-01	1.70236
4.02961E-01	1.84422
4.03008E-01	1.85494
4.03500E-01	2.0632
4.04500E-01	2.53816
4.05000E-01	2.79926
4.06000E-01	3.24622
4.06500E-01	3.27921
4.06969E-01	3.2705
4.08000E-01	3.14835
4.09000E-01	3.0299
4.10000E-01	2.8999
4.12500E-01	2.5505
4.15000E-01	2.33141
4.17489E-01	2.47016
4.18748E-01	2.72234
4.20000E-01	2.99981
4.21000E-01	3.19944
4.21500E-01	3.26924
4.22000E-01	3.29846
4.22500E-01	3.24806
4.23000E-01	3.09954
4.24000E-01	2.74974
4.24750E-01	2.46503
4.25000E-01	2.3739
4.27500E-01	2.39964
4.30000E-01	2.33101
4.31000E-01	2.39865
4.32000E-01	2.32925
4.34000E-01	2.02973
4.34999E-01	1.85779
4.36000E-01	1.70039
4.37500E-01	1.52747
4.38000E-01	1.47228
4.38750E-01	1.55623
4.39992E-01	1.70011
4.40156E-01	1.74217
4.41000E-01	1.96979
4.41750E-01	2.15749
4.42000E-01	2.21698
4.42750E-01	2.1825
4.43000E-01	2.16849
4.44000E-01	1.97081
4.45000E-01	1.85132
4.46000E-01	1.86082
4.47000E-01	1.95041
4.48000E-01	2.07991
4.48500E-01	2.13981
4.49000E-01	2.19971
4.50000E-01	2.28819
4.51000E-01	2.19921
4.52000E-01	2.03012
4.53000E-01	1.87186
4.53500E-01	1.88125
4.54000E-01	1.95013
4.57000E-01	2.39902
4.58000E-01	2.44902
4.59000E-01	2.39902
4.61000E-01	2.09985
4.62000E-01	1.95027
4.63000E-01	1.8314
4.64000E-01	1.85079
4.65000E-01	1.95151
4.66000E-01	2.20049
4.70000E-01	3.4005
4.71000E-01	3.74635
4.71250E-01	3.74999
4.71500E-01	3.74583
4.72750E-01	3.25007
4.73000E-01	3.14883
4.73500E-01	2.88965
4.74000E-01	2.6495
4.74500E-01	2.38749
4.74969E-01	2.16551
4.75000E-01	2.15494
4.75062E-01	2.15004
4.75750E-01	2.15001
4.76000E-01	2.15314
4.76957E-01	2.43739
4.76996E-01	2.45372
4.77055E-01	2.49789
4.77250E-01	2.66992
4.77625E-01	3.03579
4.77906E-01	3.34612
4.78000E-01	3.44367
4.78500E-01	3.70002
4.79000E-01	3.94374
4.79250E-01	3.92503
4.79500E-01	3.89793
4.80000E-01	3.74846
4.81000E-01	3.44951
4.82000E-01	3.0988
4.82500E-01	2.8666
4.83250E-01	2.54595
4.83500E-01	2.44222
4.84000E-01	2.25324
4.85000E-01	2.17059
4.86000E-01	2.15122
4.87969E-01	2.34674
4.89000E-01	2.37966
4.89750E-01	2.37998
4.90000E-01	2.37913
4.91000E-01	2.29924
4.92000E-01	2.15052
4.92500E-01	2.10212
4.92875E-01	2.13749
4.93000E-01	2.15345
4.93000E-01	2.15352
4.93500E-01	2.36476
4.93969E-01	2.58421
4.94012E-01	2.59378
4.94141E-01	2.57188
4.94984E-01	2.40167
4.95031E-01	2.38304
4.95500E-01	2.13605
4.95969E-01	1.91531
4.96000E-01	1.90396
4.96062E-01	1.8938
4.97000E-01	1.80034
4.98000E-01	1.73023
4.99000E-01	1.6797
5.00000E-01	1.60035
5.01000E-01	1.55217
5.01961E-01	1.69435
5.02031E-01	1.71219
5.02500E-01	1.88993
5.03000E-01	2.09907
5.03750E-01	2.34755
5.04000E-01	2.42618
5.04500E-01	2.415
5.05000E-01	2.39759
5.06000E-01	2.14942
5.07000E-01	1.85222
5.07750E-01	1.78247
5.08000E-01	1.76158
5.09000E-01	1.82105
5.10000E-01	1.9803
5.11000E-01	2.16987
5.12000E-01	2.34912
5.13000E-01	2.4462
5.13500E-01	2.32499
5.14000E-01	2.20357
5.14500E-01	2.23999
5.15000E-01	2.28206
5.16000E-01	2.54945
5.17000E-01	2.77011
5.18000E-01	2.99967
5.18500E-01	3.09782
5.18750E-01	3.1
5.19000E-01	3.09782
5.19500E-01	2.99782
5.20000E-01	2.79983
5.20500E-01	2.59264
5.21000E-01	2.40257
5.24000E-01	1.95067
5.25000E-01	1.86067
5.26000E-01	1.83079
5.27000E-01	1.87156
5.27750E-01	2.00502
5.28000E-01	2.05275
5.28375E-01	2.2104
5.28500E-01	2.26438
5.29500E-01	2.73916
5.30000E-01	2.99978
5.31000E-01	3.49893
5.32000E-01	3.89563
5.32125E-01	3.90002
5.32500E-01	3.89554
5.32750E-01	3.79803
5.33000E-01	3.70051
5.35000E-01	3.00185
5.36000E-01	2.82119
5.37000E-01	2.75075
5.37750E-01	2.74998
5.38000E-01	2.75054
5.39000E-01	2.79721
5.39750E-01	2.64999
5.40000E-01	2.59636
5.40375E-01	2.40248
5.40500E-01	2.33724
5.41000E-01	2.10259
5.41750E-01	1.92
5.42000E-01	1.86234
5.43000E-01	1.83112
5.44000E-01	1.9009
5.45000E-01	2.05169
5.46000E-01	2.3489
5.47000E-01	2.54666
5.47500E-01	2.49957
5.48000E-01	2.42979
5.49000E-01	2.26991
5.50000E-01	2.10047
5.51000E-01	1.97059
5.52000E-01	1.89026
5.53000E-01	1.83071
5.53750E-01	1.83004
5.54000E-01	1.83139
5.55000E-01	1.94982
5.56000E-01	2.0477
5.57000E-01	1.94826
5.58000E-01	1.70087
5.58969E-01	1.53609
5.59000E-01	1.53472
5.59047E-01	1.54193
5.60125E-01	1.81247
5.62000E-01	2.2993
5.63000E-01	2.49908
5.63500E-01	2.5584
5.63969E-01	2.55052
5.64000E-01	2.54838
5.65000E-01	2.47966
5.70000E-01	1.98059
5.71000E-01	1.92968
5.72000E-01	1.85037
5.73000E-01	1.80152
5.74000E-01	1.88222
5.75000E-01	2.15031
5.77000E-01	2.64881
5.78000E-01	2.79824
5.78250E-01	2.79996
5.78500E-01	2.7972
5.79063E-01	2.66873
5.80000E-01	2.49974
5.82000E-01	2.09963
5.83000E-01	1.86987
5.84000E-01	1.63057
5.86000E-01	1.25104
5.87000E-01	1.15058
5.88000E-01	1.10094
5.88750E-01	1.12251
5.89000E-01	1.13164
5.89750E-01	1.25752
5.90000E-01	1.30187
5.90375E-01	1.42345
5.90500E-01	1.46507
5.91000E-01	1.64959
5.91500E-01	1.81699
5.92000E-01	1.99925
5.93000E-01	2.30062
5.94000E-01	2.64887
5.95000E-01	2.89597
5.96000E-01	2.79923
5.97000E-01	2.63018
5.98000E-01	2.46984
5.99000E-01	2.3002
6.00000E-01	2.15196
6.01000E-01	2.1701
6.02000E-01	2.20021
6.03000E-01	2.24963
6.04000E-01	2.27011
6.04779E-01	2.29312
6.05000E-01	2.29964
6.05750E-01	2.3
6.06000E-01	2.29918
6.07000E-01	2.22769
6.07125E-01	2.21875
6.08000E-01	2.13995
6.09000E-01	2.04989
6.10000E-01	1.95025
6.11000E-01	1.87014
6.14000E-01	1.66014
6.15000E-01	1.60014
6.16000E-01	1.55061
6.17500E-01	1.55002
6.18000E-01	1.55026
6.19000E-01	1.57014
6.20000E-01	1.6005
6.21000E-01	1.67038
6.23000E-01	1.87038
6.24000E-01	2.00026
6.25000E-01	2.1505
6.26000E-01	2.33966
6.27000E-01	2.4999
6.28000E-01	2.65062
6.29000E-01	2.84942
6.30000E-01	2.9976
6.31000E-01	2.93856
6.32000E-01	2.74976
6.33000E-01	2.53
6.34000E-01	2.30168
6.34500E-01	2.25253
6.34875E-01	2.28761
6.35000E-01	2.30352
6.35500E-01	2.49248
6.36000E-01	2.69752
6.36750E-01	2.85012
6.37000E-01	2.89686
6.38000E-01	2.82903
6.39000E-01	2.67
6.40000E-01	2.50036
6.42000E-01	2.20291
6.42984E-01	2.27934
6.45000E-01	2.6
6.46500E-01	2.82512
6.47000E-01	2.89635
6.48000E-01	2.73963
6.49000E-01	2.53963
6.50000E-01	2.30241
6.51000E-01	2.24046
6.52000E-01	2.20107
6.53000E-01	2.2312
6.54000E-01	2.34157
6.55000E-01	2.55875
6.56000E-01	2.65948
6.57000E-01	2.69728
6.57432E-01	2.61143
6.58000E-01	2.49838
6.59000E-01	2.15108
6.59750E-01	1.94022
6.60000E-01	1.87317
6.60500E-01	1.85022
6.61000E-01	1.83108
6.62000E-01	1.86096
6.63000E-01	1.95047
6.64000E-01	2.06034
6.65000E-01	2.1796
6.66000E-01	2.24849
6.66578E-01	2.20897
6.67000E-01	2.1801
6.68000E-01	2.09985
6.69000E-01	1.9901
6.70000E-01	1.88044
6.71000E-01	1.78007
6.72000E-01	1.66094
6.72750E-01	1.60782
6.73000E-01	1.59317
6.73500E-01	1.67032
6.74000E-01	1.75082
6.75000E-01	1.94846
6.75982E-01	1.9978
6.76000E-01	1.9987
6.77000E-01	1.91982
6.78000E-01	1.80045
6.79000E-01	1.69119
6.80000E-01	1.65129
6.81000E-01	1.68054
6.82000E-01	1.72092
6.83000E-01	1.80067
6.84000E-01	1.90029
6.87000E-01	2.17017
6.88000E-01	2.23804
6.89000E-01	2.11992
6.90000E-01	1.9603
6.91000E-01	1.79027
6.92000E-01	1.60241
6.92750E-01	1.57052
6.93000E-01	1.56203
6.95056E-01	1.72538
6.96000E-01	1.80039
6.97000E-01	1.8709
6.98000E-01	1.96989
6.99000E-01	2.0209
7.00000E-01	2.10141
7.01000E-01	2.25348
7.01500E-01	2.44275
7.02000E-01	2.64892
7.02750E-01	2.86802
7.03000E-01	2.93659
7.04000E-01	2.91976
7.05000E-01	2.84001
7.06000E-01	2.72077
7.07000E-01	2.62078
7.08000E-01	2.54065
7.09000E-01	2.47076
7.10000E-01	2.42001
7.11000E-01	2.40051
7.12000E-01	2.4509
7.15000E-01	2.89898
7.16000E-01	2.99578
7.17000E-01	2.79885
7.18000E-01	2.54244
7.19000E-01	2.49988
7.20000E-01	2.47949
7.21000E-01	2.44936
7.24000E-01	2.29936
7.25000E-01	2.22936
7.28000E-01	1.96001
7.29000E-01	1.9004
7.29750E-01	1.89969
7.30000E-01	1.90011
7.31000E-01	1.93024
7.32000E-01	2.00075
7.33000E-01	2.14583
7.33750E-01	2.03723
7.33984E-01	2.00102
7.34125E-01	1.96073
7.34500E-01	1.84394
7.34969E-01	1.7097
7.35016E-01	1.70274
7.35031E-01	1.70227
7.36000E-01	1.75076
7.37000E-01	1.87985
7.38000E-01	2.01959
7.39000E-01	2.14959
7.40000E-01	2.27969
7.41000E-01	2.40008
7.42000E-01	2.53956
7.43000E-01	2.65943
7.44000E-01	2.74721
7.44937E-01	2.64668
7.45056E-01	2.62902
7.47000E-01	2.34021
7.49000E-01	2.10008
7.50000E-01	2.00034
7.52000E-01	1.88087
7.53000E-01	1.90021
7.54000E-01	1.94956
7.55000E-01	1.9799
7.55568E-01	2.00029
7.57500E-01	2.06966
7.60000E-01	2.12987
7.62500E-01	2.17976
7.65000E-01	2.20003
7.67500E-01	2.23976
7.70000E-01	2.25005
7.75000E-01	2.27999
7.76887E-01	2.28753
7.80000E-01	2.29997
7.85000E-01	2.30002
7.90000E-01	2.29997
7.95000E-01	2.28035
8.00000E-01	2.26082
8.05000E-01	2.4992
8.10000E-01	2.40006
8.15000E-01	2.28015
8.20000E-01	2.17025
8.25000E-01	2.07038
8.30000E-01	2.03034
8.35000E-01	2.00051
8.40000E-01	2.04044
8.45000E-01	2.09057
8.50000E-01	2.16065
8.55000E-01	2.2805
8.60000E-01	2.35959
8.65000E-01	2.42966
8.75000E-01	2.5296
8.80000E-01	2.5397
8.85000E-01	2.5497
8.89687E-01	2.52178
8.90000E-01	2.51809
8.95000E-01	2.45902
9.00000E-01	2.40004
9.05000E-01	2.34995
9.10000E-01	2.282
9.11250E-01	2.26506
9.12500E-01	2.2504
9.15000E-01	2.27149
9.15078E-01	2.27215
9.20000E-01	2.40012
9.25395E-01	2.50775
9.27500E-01	2.54974
9.29844E-01	2.52218
9.30000E-01	2.51849
9.35000E-01	2.40037
9.38451E-01	2.33133
9.40000E-01	2.30032
9.45000E-01	2.17073
9.50000E-01	2.15057
9.51506E-01	2.15053
9.64930E-01	2.15021
9.80000E-01	2.14984
9.89177E-01	2.16841
9.90000E-01	2.17008
1.00000E+00	2.29982
1.00000E+00	2.29982
1.00000E+00	2.29982
1.04664E+00	2.33526
1.12070E+00	2.39162
1.20000E+00	2.45208
1.20000E+00	2.45209
1.22425E+00	2.4706
1.25471E+00	2.49385
1.26156E+00	2.5024
1.26610E+00	2.50807
1.28294E+00	2.52921
1.30000E+00	2.55052
1.32431E+00	2.56273
1.34907E+00	2.57517
1.36163E+00	2.5813
1.40000E+00	2.60005
1.40302E+00	2.60308
1.40595E+00	2.60603
1.40880E+00	2.60889
1.41157E+00	2.61166
1.41694E+00	2.61705
1.42199E+00	2.62213
1.42675E+00	2.6269
1.43122E+00	2.63139
1.43542E+00	2.63562
1.43938E+00	2.63959
1.44309E+00	2.64333
1.44659E+00	2.64684
1.44914E+00	2.64941
1.44987E+00	2.65014
1.45295E+00	2.65321
1.45585E+00	2.6561
1.46130E+00	2.66153
1.46608E+00	2.66631
1.47028E+00	2.6705
1.47396E+00	2.67418
1.47719E+00	2.67741
1.48286E+00	2.68309
1.48713E+00	2.68737
1.49033E+00	2.69059
1.49516E+00	2.69543
1.50000E+00	2.7003
1.60000E+00	2.75011
1.70000E+00	2.8129
1.72447E+00	2.82446
1.76000E+00	2.84126
1.76183E+00	2.84246
1.77692E+00	2.85239
1.80000E+00	2.86751
1.80692E+00	2.86242
1.81213E+00	2.85857
1.83437E+00	2.87141
1.84932E+00	2.88054
1.85288E+00	2.88271
1.86690E+00	2.89122
1.90000E+00	2.91052
1.92452E+00	2.92002
1.96190E+00	2.93485
2.00000E+00	2.95042
2.02454E+00	2.96205
2.06193E+00	2.97981
2.10000E+00	2.99795
2.12963E+00	3.01151
2.14942E+00	3.0192
2.17412E+00	3.02916
2.20000E+00	3.03961
2.20479E+00	3.04017
2.30000E+00	3.05141
2.32460E+00	3.05337
2.36200E+00	3.05642
2.36340E+00	3.05654
2.39674E+00	3.05934
2.40000E+00	3.05961
2.48386E+00	3.07643
2.50000E+00	3.08023
2.60000E+00	3.10204
2.63668E+00	3.10765
2.64953E+00	3.11033
2.70000E+00	3.1209
2.72025E+00	3.11732
2.74054E+00	3.12035
2.77011E+00	3.12505
2.77168E+00	3.1253
2.80000E+00	3.1403
2.80422E+00	3.13994
2.81231E+00	3.13933
2.83398E+00	3.13825
2.85034E+00	3.13795
2.85171E+00	3.13796
2.86268E+00	3.13797
2.88128E+00	3.13857
2.90000E+00	3.13997
2.94958E+00	3.14413
2.95266E+00	3.14443
2.99432E+00	3.14839
3.00000E+00	3.14894
3.09152E+00	3.13365
3.09839E+00	3.13453
3.11941E+00	3.13725
3.15945E+00	3.14295
3.20000E+00	3.14857
3.20972E+00	3.14704
3.22434E+00	3.14473
3.24515E+00	3.14179
3.25299E+00	3.14043
3.25501E+00	3.14016
3.26739E+00	3.13852
3.29848E+00	3.13501
3.30005E+00	3.13484
3.32476E+00	3.13256
3.36217E+00	3.12986
3.40000E+00	3.12815
3.44893E+00	3.11871
3.49857E+00	3.10919
3.50000E+00	3.10893
3.52366E+00	3.10442
3.60000E+00	3.09001
3.68885E+00	3.06655
3.69865E+00	3.06396
3.74089E+00	3.05305
3.80000E+00	3.03778
3.85361E+00	3.02366
3.89872E+00	3.00953
4.00000E+00	2.97814
4.05643E+00	2.95748
4.12315E+00	2.93077
4.17345E+00	2.91062
4.18132E+00	2.90814
4.20000E+00	2.90224
4.20248E+00	2.90147
4.23002E+00	2.89296
4.25102E+00	2.88765
4.29276E+00	2.87703
4.32487E+00	2.87044
4.33111E+00	2.86915
4.39682E+00	2.85562
4.40000E+00	2.85496
4.42061E+00	2.85024
4.44917E+00	2.84369
4.48211E+00	2.83636
4.48641E+00	2.8354
4.49726E+00	2.83301
4.50000E+00	2.83241
4.52396E+00	2.82721
4.54285E+00	2.82322
4.54534E+00	2.8227
4.60000E+00	2.81136
4.62454E+00	2.80579
4.66779E+00	2.79627
4.70050E+00	2.78934
4.72518E+00	2.78429
4.73862E+00	2.78165
4.76244E+00	2.77698
4.80000E+00	2.77002
4.80547E+00	2.76943
4.87232E+00	2.76214
4.89898E+00	2.75924
4.94106E+00	2.75481
5.00000E+00	2.74861
5.07054E+00	2.73855
5.08048E+00	2.73684
5.12348E+00	2.72946
5.25000E+00	2.70851
5.27595E+00	2.70269
5.32407E+00	2.69632
5.33264E+00	2.69501
5.36852E+00	2.68959
5.41568E+00	2.68616
5.43512E+00	2.68472
5.44596E+00	2.68393
5.50000E+00	2.68003
5.52279E+00	2.67692
5.53064E+00	2.67585
5.55760E+00	2.67225
5.60509E+00	2.66609
5.62361E+00	2.66377
5.64097E+00	2.66167
5.69522E+00	2.65542
5.75000E+00	2.64955
5.83886E+00	2.64613
5.87367E+00	2.64479
6.00000E+00	2.6401
6.08713E+00	2.63166
6.17301E+00	2.62334
6.24100E+00	2.61676
6.25000E+00	2.61999
6.26534E+00	2.61761
6.27360E+00	2.61634
6.27975E+00	2.61577
6.30687E+00	2.61333
6.32945E+00	2.6114
6.33070E+00	2.61129
6.34719E+00	2.60994
6.35161E+00	2.60958
6.36998E+00	2.60815
6.38609E+00	2.60697
6.41416E+00	2.60507
6.41438E+00	2.60506
6.43568E+00	2.60376
6.45170E+00	2.60289
6.47580E+00	2.60175
6.50000E+00	2.60085
6.55130E+00	2.59427
6.56162E+00	2.59295
6.60042E+00	2.5881
6.62382E+00	2.58518
6.65514E+00	2.58132
6.67479E+00	2.57897
6.75000E+00	2.56999
6.78076E+00	2.56752
6.80778E+00	2.56536
6.85534E+00	2.56156
6.87386E+00	2.56008
6.89122E+00	2.55872
6.91825E+00	2.5566
6.95901E+00	2.5534
7.00000E+00	2.55019
7.00000E+00	2.5502
7.06063E+00	2.54305
7.11411E+00	2.53674
7.18887E+00	2.52792
7.20868E+00	2.5256
7.26628E+00	2.51883
7.28043E+00	2.51716
7.29465E+00	2.51549
7.38221E+00	2.50521
7.38940E+00	2.50436
7.50000E+00	2.49138
7.53031E+00	2.48758
7.55884E+00	2.484
7.58569E+00	2.48064
7.61094E+00	2.47748
7.62199E+00	2.4761
7.63470E+00	2.47452
7.65703E+00	2.47173
7.67803E+00	2.46911
7.69777E+00	2.46665
7.71479E+00	2.46453
7.71632E+00	2.46433
7.73375E+00	2.46217
7.76654E+00	2.45809
7.79534E+00	2.45452
7.82042E+00	2.45141
7.82064E+00	2.45139
7.84284E+00	2.44889
7.85610E+00	2.44739
7.86231E+00	2.44669
7.89651E+00	2.44286
7.92226E+00	2.43998
7.94162E+00	2.43782
7.97076E+00	2.43458
8.00000E+00	2.43135
8.06085E+00	2.42387
8.11448E+00	2.41729
8.12217E+00	2.41635
8.16170E+00	2.41151
8.24499E+00	2.40134
8.30802E+00	2.39366
8.30894E+00	2.39354
8.35560E+00	2.38787
8.42749E+00	2.37916
8.50000E+00	2.37041
8.62233E+00	2.35312
8.74643E+00	2.3356
8.80914E+00	2.32676
9.00000E+00	2.29991
9.12248E+00	2.28498
9.30933E+00	2.26231
9.50000E+00	2.2393
9.63403E+00	2.22155
9.74679E+00	2.20572
1.00000E+01	2.17032
1.02470E+01	2.16586
1.05000E+01	2.16145
1.07471E+01	2.15602
1.10000E+01	2.15059
1.11552E+01	2.14616
1.12272E+01	2.1446
1.12472E+01	2.14417
1.13856E+01	2.14125
1.15000E+01	2.13884
1.17069E+01	2.13704
1.17473E+01	2.13668
1.25000E+01	2.13041
1.30000E+01	2.11976
1.30100E+01	2.11927
1.31308E+01	2.11705
1.33141E+01	2.11361
1.34544E+01	2.11093
1.35000E+01	2.11005
1.36233E+01	2.10734
1.38104E+01	2.10353
1.40000E+01	2.10009
1.41975E+01	2.09587
1.42478E+01	2.09481
1.45000E+01	2.08998
1.50000E+01	2.07993
1.52116E+01	2.07586
1.55000E+01	2.07021
1.60000E+01	2.06361
1.65000E+01	2.05986
1.65751E+01	2.05912
1.68090E+01	2.0568
1.70000E+01	2.05491
1.75000E+01	2.04823
1.77469E+01	2.04494
1.80000E+01	2.04103
1.81237E+01	2.03791
1.82724E+01	2.03466
1.83109E+01	2.03382
1.85000E+01	2.03055
1.87500E+01	2.02461
1.87880E+01	2.02371
1.90000E+01	2.0187
1.92681E+01	2.01414
1.93181E+01	2.01312
1.95000E+01	2.00941
1.96238E+01	2.00622
1.97172E+01	2.00425
1.98581E+01	2.0019
2.00000E+01	2.00021