MeV	K-0
1.00000E-11	128.572
1.10240E-11	122.465
1.21504E-11	116.661
1.33946E-11	111.122
1.47633E-11	105.857
1.62750E-11	100.833
1.79381E-11	96.0579
1.97749E-11	91.5012
2.17956E-11	87.1705
2.40274E-11	83.038
2.64826E-11	79.1106
2.91943E-11	75.363
3.21775E-11	71.8015
3.54723E-11	68.4034
3.90970E-11	65.174
4.31005E-11	62.0928
4.75046E-11	59.165
5.23690E-11	56.3717
5.77202E-11	53.7175
6.36306E-11	51.1854
7.01326E-11	48.7797
7.73139E-11	46.4849
8.52142E-11	44.3048
9.39398E-11	42.2254
1.03539E-10	40.2501
1.14141E-10	38.3664
1.25804E-10	36.5771
1.38686E-10	34.8711
1.52858E-10	33.2509
1.68510E-10	31.7062
1.85729E-10	30.2396
2.04747E-10	28.8416
2.25669E-10	27.5145
2.48777E-10	26.2518
2.52238E-10	26.0847
2.74198E-10	25.0527
2.81935E-10	24.7318
3.02275E-10	23.9096
3.15128E-10	23.4514
3.33162E-10	22.8245
3.52229E-10	22.2403
3.67277E-10	21.7905
3.93698E-10	21.0948
4.04807E-10	20.8093
4.40049E-10	20.0118
4.46258E-10	19.8746
4.91858E-10	18.988
5.42223E-10	18.1465
5.49766E-10	18.0355
5.97629E-10	17.3484
6.14492E-10	17.1352
6.58824E-10	16.5892
6.96528E-10	16.1807
7.26145E-10	15.8682
7.89364E-10	15.2819
8.00501E-10	15.1812
8.82299E-10	14.5317
8.94746E-10	14.4448
9.72643E-10	13.9151
1.01400E-09	13.6681
1.07203E-09	13.3304
1.16536E-09	12.8541
1.18180E-09	12.7723
1.30256E-09	12.246
1.33932E-09	12.1055
1.43594E-09	11.7461
1.56096E-09	11.3386
1.58267E-09	11.2697
1.74474E-09	10.8197
1.81892E-09	10.6392
1.92302E-09	10.3928
2.11993E-09	9.98521
2.14942E-09	9.93174
2.33655E-09	9.60222
2.57581E-09	9.234
2.83901E-09	8.88988
3.12972E-09	8.55796
3.44953E-09	8.24796
3.80275E-09	7.94925
3.85565E-09	7.91017
4.19133E-09	7.66932
4.62050E-09	7.40102
4.88493E-09	7.25682
5.09264E-09	7.14665
5.61412E-09	6.90604
6.18779E-09	6.67552
6.36239E-09	6.61435
6.82140E-09	6.45814
7.51843E-09	6.25192
8.28830E-09	6.05376
8.64073E-09	5.97475
9.13523E-09	5.86703
1.00706E-08	5.6901
1.10997E-08	5.52099
1.22363E-08	5.35856
1.24065E-08	5.33739
1.34866E-08	5.20696
1.48676E-08	5.0623
1.63868E-08	4.92418
1.80648E-08	4.79168
1.93643E-08	4.7025
1.99107E-08	4.6657
2.19495E-08	4.5466
2.41924E-08	4.43289
2.50875E-08	4.39168
2.53000E-08	4.38225
2.78906E-08	4.27604
3.07406E-08	4.17448
3.38884E-08	4.07685
3.73512E-08	3.98327
4.11758E-08	3.89314
4.53833E-08	3.80663
5.00305E-08	3.72314
5.51428E-08	3.64278
5.99435E-08	3.57662
6.07892E-08	3.56571
6.70009E-08	3.49594
7.38616E-08	3.42877
8.14090E-08	3.36427
8.97450E-08	3.30202
9.89155E-08	3.24213
1.04576E-07	3.20975
1.09044E-07	3.18247
1.20187E-07	3.12218
1.32493E-07	3.06299
1.46032E-07	3.00492
1.58746E-07	2.95603
1.60985E-07	2.94811
1.77435E-07	2.89633
1.95604E-07	2.8453
2.01124E-07	2.8314
2.15592E-07	2.80167
2.37668E-07	2.76183
2.61954E-07	2.7232
2.84759E-07	2.69127
2.88777E-07	2.68599
3.18285E-07	2.65187
3.50877E-07	2.61869
3.86730E-07	2.58662
4.08863E-07	2.56913
4.26330E-07	2.55722
4.69894E-07	2.53152
5.18010E-07	2.50673
5.70942E-07	2.48318
6.29405E-07	2.46048
6.74683E-07	2.44509
6.93720E-07	2.4381
7.64755E-07	2.41525
8.42900E-07	2.39299
9.29211E-07	2.37116
9.96056E-07	2.35616
1.02416E-06	2.35251
1.12903E-06	2.34148
1.24440E-06	2.33159
1.37182E-06	2.32307
1.51200E-06	2.31585
1.66683E-06	2.30989
1.74458E-06	2.30785
1.83715E-06	2.30397
2.02527E-06	2.29794
2.05643E-06	2.29721
2.23222E-06	2.28643
2.49502E-06	2.27244
2.71224E-06	2.26229
2.98996E-06	2.25073
3.34198E-06	2.23786
3.63294E-06	2.22849
3.94922E-06	2.21926
4.23949E-06	2.21156
4.29305E-06	2.20968
4.66680E-06	2.1975
5.14367E-06	2.18293
5.59148E-06	2.17031
5.99488E-06	2.1594
6.34719E-06	2.15047
6.70068E-06	2.14013
7.28404E-06	2.12398
7.91819E-06	2.1071
8.38354E-06	2.09513
8.60755E-06	2.09039
9.22676E-06	2.07787
9.35693E-06	2.07524
1.01715E-05	2.05938
1.03131E-05	2.05671
1.03281E-05	2.05643
1.10571E-05	2.04786
1.12109E-05	2.04615
1.20197E-05	2.03717
1.23589E-05	2.03341
1.32479E-05	2.02406
1.34349E-05	2.02209
1.44013E-05	2.01238
1.48077E-05	2.0083
1.52477E-05	2.00409
1.56551E-05	2.00073
1.65510E-05	1.99334
1.70180E-05	1.98967
1.79920E-05	1.98202
1.84996E-05	1.97816
1.95584E-05	1.97012
2.03939E-05	1.96398
2.12611E-05	1.95761
2.18610E-05	1.95335
2.31121E-05	1.94444
2.31458E-05	1.94421
2.37643E-05	1.93982
2.54787E-05	1.92764
2.65621E-05	1.92016
2.73116E-05	1.91499
2.85199E-05	1.90678
2.88746E-05	1.90487
2.96894E-05	1.90051
3.13885E-05	1.89168
3.31848E-05	1.88234
3.41212E-05	1.87761
3.60739E-05	1.86773
3.65828E-05	1.8652
3.71458E-05	1.86241
3.92145E-05	1.85444
4.08899E-05	1.84813
4.26285E-05	1.84158
4.38314E-05	1.83713
4.57040E-05	1.83021
4.64073E-05	1.82767
4.76473E-05	1.82394
5.10849E-05	1.81362
5.32570E-05	1.80726
5.47598E-05	1.80285
5.78936E-05	1.79379
5.95272E-05	1.78906
6.20703E-05	1.78185
6.39147E-05	1.77662
6.65355E-05	1.76853
6.84129E-05	1.76282
7.23281E-05	1.75092
7.54182E-05	1.74162
7.75462E-05	1.73521
7.87396E-05	1.73166
8.31247E-05	1.72116
8.54702E-05	1.71555
9.03616E-05	1.70399
9.29113E-05	1.69797
9.82285E-05	1.68553
9.83716E-05	1.6852
1.01000E-04	1.67982
1.06780E-04	1.6681
1.09793E-04	1.66199
1.14484E-04	1.65259
1.22720E-04	1.63607
1.22898E-04	1.63572
1.27482E-04	1.62843
1.35100E-04	1.61631
1.36652E-04	1.61387
1.48549E-04	1.59513
1.48905E-04	1.59457
1.54918E-04	1.58519
1.66060E-04	1.57142
1.66436E-04	1.57095
1.78354E-04	1.55635
1.80517E-04	1.55372
1.93503E-04	1.53792
1.93544E-04	1.53787
1.93881E-04	1.53758
2.10760E-04	1.52327
2.11231E-04	1.52288
2.17412E-04	1.51769
2.29109E-04	1.50973
2.29621E-04	1.50938
2.54963E-04	1.49231
2.56916E-04	1.49101
2.73305E-04	1.4818
2.99089E-04	1.46741
3.21620E-04	1.45494
3.32119E-04	1.45047
3.56707E-04	1.44009
3.87762E-04	1.42707
4.18894E-04	1.41411
4.21521E-04	1.41326
4.58219E-04	1.40148
5.09927E-04	1.38501
5.17934E-04	1.38247
5.46609E-04	1.37485
5.98178E-04	1.36121
6.64238E-04	1.34385
7.13414E-04	1.331
7.75431E-04	1.31485
7.75524E-04	1.31483
8.57831E-04	1.29814
9.32514E-04	1.28306
9.60666E-04	1.2774
1.01370E-03	1.26682
1.04014E-03	1.26155
1.10195E-03	1.24925
1.11521E-03	1.24662
1.20520E-03	1.22877
1.22779E-03	1.2243
1.23169E-03	1.22366
1.30970E-03	1.21089
1.35100E-03	1.20415
1.44713E-03	1.18847
1.44958E-03	1.18807
1.49545E-03	1.18182
1.52116E-03	1.17832
1.66060E-03	1.15938
1.67928E-03	1.15685
1.68072E-03	1.15665
1.78354E-03	1.14494
1.87058E-03	1.13502
1.93160E-03	1.12808
1.93881E-03	1.1274
2.00000E-03	1.12167
2.10760E-03	1.11171
2.17441E-03	1.10553
2.29109E-03	1.09679
2.43009E-03	1.08638
2.49866E-03	1.08125
2.53425E-03	1.07874
2.54963E-03	1.07806
2.73305E-03	1.06998
2.94721E-03	1.06054
2.99089E-03	1.05862
2.99835E-03	1.05829
3.00000E-03	1.05825
3.00111E-03	1.05692
3.00886E-03	1.04773
3.01773E-03	1.03725
3.03265E-03	1.01965
3.04935E-03	1.00001
3.04959E-03	0.999721
3.06734E-03	0.980003
3.08772E-03	0.95746
3.09795E-03	0.946185
3.10000E-03	0.943974
3.10109E-03	0.942234
3.10869E-03	0.930277
3.11737E-03	0.916699
3.12696E-03	0.9018
3.13655E-03	0.886997
3.14336E-03	0.876561
3.15003E-03	0.867341
3.16028E-03	0.853341
3.16603E-03	0.845527
3.17754E-03	0.830053
3.18636E-03	0.818329
3.19050E-03	0.812883
3.19727E-03	0.805548
3.19937E-03	0.80339
3.20000E-03	0.802788
3.20146E-03	0.803733
3.20566E-03	0.806789
3.21195E-03	0.811662
3.21769E-03	0.816357
3.22344E-03	0.8213
3.22954E-03	0.826858
3.23408E-03	0.831187
3.24089E-03	0.838048
3.24750E-03	0.845164
3.25371E-03	0.852315
3.25992E-03	0.85991
3.26628E-03	0.86822
3.27272E-03	0.877229
3.27915E-03	0.886864
3.28508E-03	0.896362
3.29101E-03	0.906502
3.29402E-03	0.911998
3.29598E-03	0.916934
3.29635E-03	0.917938
3.29728E-03	0.922851
3.29803E-03	0.929692
3.29822E-03	0.9315
3.29891E-03	0.942001
3.29956E-03	0.955669
3.29961E-03	0.956836
3.30031E-03	0.977
3.30101E-03	1.00237
3.30109E-03	1.00587
3.30171E-03	1.03304
3.30241E-03	1.06815
3.30263E-03	1.08026
3.30334E-03	1.1209
3.30427E-03	1.17878
3.30518E-03	1.2399
3.30569E-03	1.27447
3.30714E-03	1.38145
3.30824E-03	1.47015
3.30859E-03	1.49763
3.31004E-03	1.62402
3.31131E-03	1.74465
3.31148E-03	1.76115
3.31293E-03	1.91045
3.31440E-03	2.07459
3.31451E-03	2.08852
3.31587E-03	2.25354
3.31733E-03	2.44796
3.31772E-03	2.50329
3.31880E-03	2.65958
3.32027E-03	2.88957
3.32092E-03	3.00109
3.32119E-03	3.04706
3.32175E-03	3.14319
3.32325E-03	3.42131
3.32412E-03	3.59902
3.32474E-03	3.7245
3.32624E-03	4.05513
3.32733E-03	4.31769
3.32773E-03	4.41523
3.32921E-03	4.80341
3.33047E-03	5.16287
3.33066E-03	5.2162
3.33211E-03	5.66546
3.33355E-03	6.15351
3.33359E-03	6.16571
3.33500E-03	6.68451
3.33645E-03	7.26109
3.33670E-03	7.37052
3.33784E-03	7.86466
3.33923E-03	8.51866
3.33981E-03	8.8121
3.34063E-03	9.22775
3.34202E-03	9.99623
3.34293E-03	10.5346
3.34342E-03	10.829
3.34479E-03	11.7182
3.34553E-03	12.2318
3.34616E-03	12.6739
3.34658E-03	12.9925
3.34752E-03	13.7126
3.34762E-03	13.7993
3.34841E-03	14.4545
3.34888E-03	14.8497
3.34920E-03	15.137
3.34999E-03	15.86
3.35025E-03	16.1026
3.35077E-03	16.6319
3.35156E-03	17.4306
3.35158E-03	17.4525
3.35235E-03	18.3002
3.35285E-03	18.8622
3.35313E-03	19.2004
3.35404E-03	20.2944
3.35412E-03	20.3932
3.35501E-03	21.5483
3.35539E-03	22.0517
3.35598E-03	22.8728
3.35666E-03	23.8448
3.35694E-03	24.2707
3.35791E-03	25.7478
3.35793E-03	25.7831
3.35890E-03	27.374
3.35930E-03	28.0351
3.35992E-03	29.153
3.36066E-03	30.4826
3.36094E-03	31.0349
3.36196E-03	33.033
3.36202E-03	33.1433
3.36298E-03	35.1938
3.36338E-03	36.038
3.36400E-03	37.4815
3.36474E-03	39.1854
3.36508E-03	40.0404
3.36616E-03	42.7539
3.36617E-03	42.7775
3.36723E-03	45.713
3.36762E-03	46.7958
3.36831E-03	48.852
3.36908E-03	51.188
3.36938E-03	52.1788
3.37040E-03	55.5137
3.37054E-03	55.9892
3.37138E-03	58.9971
3.37200E-03	61.241
3.37236E-03	62.6497
3.37334E-03	66.5137
3.37345E-03	66.965
3.37432E-03	70.6905
3.37490E-03	73.1883
3.37530E-03	75.092
3.37629E-03	79.7631
3.37634E-03	79.9879
3.37728E-03	84.8366
3.37778E-03	87.4246
3.37827E-03	90.1699
3.37923E-03	95.5441
3.37927E-03	95.7686
3.38026E-03	101.853
3.38067E-03	104.427
3.38131E-03	108.708
3.38213E-03	114.234
3.38237E-03	115.961
3.38342E-03	123.73
3.38359E-03	124.966
3.38448E-03	132.102
3.38505E-03	136.708
3.38554E-03	140.963
3.38651E-03	149.541
3.38656E-03	150.071
3.38758E-03	159.832
3.38797E-03	163.595
3.38859E-03	170.163
3.38941E-03	178.79
3.38961E-03	181.052
3.39062E-03	192.729
3.39085E-03	195.309
3.39166E-03	205.519
3.39228E-03	213.36
3.39274E-03	219.646
3.39372E-03	233.039
3.39382E-03	234.626
3.39491E-03	250.748
3.39563E-03	261.602
3.39707E-03	283.091
3.39708E-03	283.28
3.39780E-03	292.701
3.39781E-03	292.824
3.39835E-03	298.449
3.39854E-03	300.376
3.39890E-03	303.01
3.39903E-03	303.896
3.39945E-03	305.543
3.39964E-03	306.198
3.39988E-03	306.42
3.40000E-03	306.231
3.40041E-03	305.449
3.40052E-03	304.859
3.40103E-03	301.932
3.40104E-03	301.827
3.40156E-03	296.93
3.40164E-03	296.104
3.40207E-03	290.741
3.40226E-03	288.448
3.40277E-03	280.864
3.40328E-03	273.084
3.40415E-03	259.073
3.40553E-03	236.702
3.40574E-03	233.29
3.40663E-03	220
3.40696E-03	215.025
3.40772E-03	204.402
3.40815E-03	198.529
3.40882E-03	189.892
3.40934E-03	183.295
3.40992E-03	176.406
3.41052E-03	169.231
3.41101E-03	163.875
3.41171E-03	156.251
3.41211E-03	152.181
3.41290E-03	144.27
3.41321E-03	141.3
3.41410E-03	133.088
3.41432E-03	131.194
3.41530E-03	122.778
3.41542E-03	121.81
3.41650E-03	113.272
3.41652E-03	113.099
3.41761E-03	105.155
3.41770E-03	104.512
3.41867E-03	97.9708
3.41890E-03	96.437
3.41973E-03	91.2752
3.42011E-03	88.9319
3.42080E-03	85.0314
3.42133E-03	81.9856
3.42186E-03	79.2075
3.42255E-03	75.5819
3.42292E-03	73.7761
3.42376E-03	69.6798
3.42405E-03	68.3754
3.42498E-03	64.2404
3.42519E-03	63.3718
3.42624E-03	59.0583
3.42632E-03	58.7296
3.42746E-03	54.448
3.42758E-03	53.9882
3.42859E-03	50.4952
3.42893E-03	49.3572
3.42972E-03	46.8453
3.43027E-03	45.1244
3.43085E-03	43.4623
3.43162E-03	41.255
3.43197E-03	40.3167
3.43296E-03	37.7187
3.43310E-03	37.393
3.43422E-03	34.6932
3.43431E-03	34.4812
3.43535E-03	32.1994
3.43566E-03	31.525
3.43648E-03	29.8654
3.43700E-03	28.8231
3.43762E-03	27.6961
3.43835E-03	26.3533
3.43875E-03	25.6803
3.43970E-03	24.0957
3.43989E-03	23.8074
3.44102E-03	22.0712
3.44105E-03	22.0312
3.44214E-03	20.5061
3.44240E-03	20.1452
3.44326E-03	19.0485
3.44375E-03	18.4219
3.44437E-03	17.6925
3.44510E-03	16.8495
3.44549E-03	16.4282
3.44600E-03	15.8833
3.44623E-03	15.6476
3.44690E-03	14.9874
3.44698E-03	14.914
3.44771E-03	14.2475
3.44782E-03	14.1509
3.44845E-03	13.6405
3.44853E-03	13.5739
3.44918E-03	13.104
3.44924E-03	13.0627
3.44992E-03	12.6418
3.44995E-03	12.6214
3.45066E-03	12.2534
3.45066E-03	12.249
3.45114E-03	12.0364
3.45139E-03	11.9407
3.45209E-03	11.681
3.45213E-03	11.6685
3.45286E-03	11.4467
3.45303E-03	11.3955
3.45433E-03	11.0757
3.45493E-03	10.9301
3.45581E-03	10.7426
3.45872E-03	10.1211
3.45875E-03	10.1159
3.46216E-03	9.44552
3.46252E-03	9.377
3.46558E-03	8.82231
3.46653E-03	8.65041
3.46900E-03	8.23939
3.47055E-03	7.9805
3.47241E-03	7.69474
3.47457E-03	7.36389
3.47583E-03	7.18579
3.47859E-03	6.79498
3.47901E-03	6.73986
3.48208E-03	6.3391
3.48256E-03	6.27726
3.48515E-03	5.96484
3.48652E-03	5.80033
3.48822E-03	5.6111
3.49049E-03	5.35943
3.49129E-03	5.27678
3.49432E-03	4.96591
3.49446E-03	4.95219
3.49629E-03	4.78137
3.49737E-03	4.68092
3.49825E-03	4.6109
3.49883E-03	4.56588
3.49973E-03	4.51039
3.50028E-03	4.47659
3.50120E-03	4.43775
3.50174E-03	4.41536
3.50317E-03	4.3752
3.50320E-03	4.37439
3.50906E-03	4.26242
3.51698E-03	4.11232
3.51776E-03	4.09763
3.52490E-03	3.97367
3.53258E-03	3.84114
3.53358E-03	3.82388
3.54025E-03	3.71661
3.54863E-03	3.58257
3.54940E-03	3.57032
3.55701E-03	3.45745
3.56531E-03	3.33499
3.56707E-03	3.30915
3.56739E-03	3.30445
3.57361E-03	3.22031
3.58211E-03	3.10582
3.58774E-03	3.03026
3.59061E-03	2.99447
3.59760E-03	2.90757
3.59796E-03	2.90312
3.60155E-03	2.87242
3.60156E-03	2.87239
3.60948E-03	2.84205
3.61740E-03	2.81197
3.62686E-03	2.77638
3.63632E-03	2.74108
3.64535E-03	2.70763
3.64966E-03	2.69177
3.65438E-03	2.6758
3.66219E-03	2.64956
3.67000E-03	2.62346
3.67866E-03	2.59469
3.68731E-03	2.56607
3.69674E-03	2.53508
3.70000E-03	2.52444
3.70146E-03	2.52075
3.70617E-03	2.5089
3.71706E-03	2.48167
3.72795E-03	2.45456
3.73805E-03	2.42955
3.74815E-03	2.40464
3.75815E-03	2.38004
3.76816E-03	2.35554
3.77475E-03	2.33944
3.77895E-03	2.33003
3.78974E-03	2.3059
3.79822E-03	2.28699
3.80105E-03	2.28071
3.81236E-03	2.25565
3.82462E-03	2.22856
3.82476E-03	2.22827
3.83689E-03	2.20367
3.84906E-03	2.17906
3.86122E-03	2.15451
3.87241E-03	2.13198
3.87762E-03	2.1215
3.88359E-03	2.10949
3.89692E-03	2.08273
3.90000E-03	2.07659
3.90234E-03	2.07305
3.98738E-03	1.94492
4.00000E-03	1.92591
4.09878E-03	1.81748
4.20000E-03	1.71557
4.23603E-03	1.68826
4.37456E-03	1.58327
4.40000E-03	1.56534
4.59447E-03	1.4679
4.60000E-03	1.46513
4.80000E-03	1.38503
5.00000E-03	1.32544
5.09927E-03	1.3555
5.19391E-03	1.38416
5.19725E-03	1.38519
5.19816E-03	1.38548
5.19948E-03	1.38829
5.20156E-03	1.39275
5.20214E-03	1.39399
5.20312E-03	1.39775
5.20625E-03	1.40965
5.21249E-03	1.43349
5.21874E-03	1.45737
5.22499E-03	1.48127
5.23205E-03	1.50835
5.23416E-03	1.51645
5.23911E-03	1.53693
5.24382E-03	1.55643
5.25017E-03	1.58273
5.25651E-03	1.60908
5.25758E-03	1.61355
5.26285E-03	1.63701
5.26919E-03	1.66532
5.27647E-03	1.69788
5.28375E-03	1.73053
5.29113E-03	1.76369
5.29160E-03	1.76584
5.29617E-03	1.78948
5.29739E-03	1.79584
5.29806E-03	1.80184
5.29995E-03	1.81882
5.30028E-03	1.82181
5.30184E-03	1.84368
5.30317E-03	1.86242
5.30373E-03	1.8721
5.30625E-03	1.91585
5.30895E-03	1.96287
5.30981E-03	1.97918
5.31294E-03	2.03863
5.31607E-03	2.0982
5.31827E-03	2.14005
5.31920E-03	2.15942
5.32234E-03	2.22434
5.32547E-03	2.28942
5.32759E-03	2.3336
5.32893E-03	2.36373
5.33239E-03	2.44172
5.33585E-03	2.51996
5.33639E-03	2.53224
5.33931E-03	2.60374
5.34277E-03	2.68879
5.34416E-03	2.72314
5.34560E-03	2.76552
5.34675E-03	2.79982
5.34727E-03	2.82018
5.34805E-03	2.85088
5.34852E-03	2.87564
5.34934E-03	2.91822
5.34978E-03	2.94802
5.35064E-03	3.0067
5.35103E-03	3.04063
5.35193E-03	3.11757
5.35229E-03	3.15352
5.35323E-03	3.24822
5.35354E-03	3.28388
5.35452E-03	3.39422
5.35480E-03	3.42859
5.35647E-03	3.63688
5.35685E-03	3.68446
5.35797E-03	3.83681
5.35919E-03	4.00299
5.35995E-03	4.11692
5.36152E-03	4.34933
5.36194E-03	4.4169
5.36385E-03	4.72525
5.36392E-03	4.73776
5.36591E-03	5.08487
5.36618E-03	5.13338
5.36789E-03	5.4584
5.36862E-03	5.59826
5.36995E-03	5.87427
5.37112E-03	6.1171
5.37201E-03	6.32011
5.37361E-03	6.68352
5.37407E-03	6.79785
5.37610E-03	7.30153
5.37613E-03	7.30943
5.37819E-03	7.86719
5.37860E-03	7.97669
5.38032E-03	8.48684
5.38108E-03	8.71014
5.38249E-03	9.16469
5.38353E-03	9.50153
5.38465E-03	9.89553
5.38599E-03	10.3645
5.38682E-03	10.6834
5.38844E-03	11.3056
5.38898E-03	11.5326
5.39089E-03	12.3316
5.39102E-03	12.3911
5.39282E-03	13.2056
5.39335E-03	13.4453
5.39581E-03	14.6048
5.39584E-03	14.6191
5.39701E-03	15.1191
5.39709E-03	15.1537
5.39791E-03	15.447
5.39792E-03	15.4524
5.39875E-03	15.6804
5.39880E-03	15.6891
5.39940E-03	15.7897
5.39958E-03	15.8199
5.40000E-03	15.8411
5.40040E-03	15.8603
5.40070E-03	15.8383
5.40133E-03	15.7894
5.40140E-03	15.7776
5.40210E-03	15.6463
5.40213E-03	15.6391
5.40314E-03	15.3546
5.40320E-03	15.3387
5.40419E-03	14.9897
5.40427E-03	14.9633
5.40768E-03	13.6234
5.40853E-03	13.2916
5.40978E-03	12.8358
5.41173E-03	12.1243
5.41184E-03	12.0887
5.41382E-03	11.4286
5.41493E-03	11.0618
5.41581E-03	10.7945
5.41780E-03	10.1926
5.41809E-03	10.104
5.41978E-03	9.634
5.42117E-03	9.25043
5.42177E-03	9.09775
5.42380E-03	8.58329
5.42425E-03	8.47007
5.42583E-03	8.10302
5.42732E-03	7.75664
5.42786E-03	7.64321
5.42989E-03	7.21253
5.43040E-03	7.10342
5.43192E-03	6.80916
5.43348E-03	6.50591
5.43385E-03	6.43967
5.43574E-03	6.10417
5.43658E-03	5.95601
5.43763E-03	5.78464
5.43952E-03	5.47787
5.43967E-03	5.45279
5.44141E-03	5.19508
5.44277E-03	4.99298
5.44350E-03	4.89271
5.44484E-03	4.71035
5.44517E-03	4.66826
5.44684E-03	4.46
5.44690E-03	4.45278
5.44810E-03	4.32357
5.44845E-03	4.28535
5.44935E-03	4.20607
5.45000E-03	4.14885
5.45060E-03	4.10791
5.45133E-03	4.05849
5.45185E-03	4.0314
5.45266E-03	3.98969
5.45353E-03	3.9536
5.45355E-03	3.95251
5.45603E-03	3.87067
5.45710E-03	3.83541
5.45918E-03	3.7755
5.46234E-03	3.68504
5.46549E-03	3.59487
5.46609E-03	3.57761
5.46776E-03	3.5302
5.46864E-03	3.50685
5.47180E-03	3.42394
5.47505E-03	3.33849
5.47837E-03	3.25187
5.47841E-03	3.25068
5.48168E-03	3.17221
5.48499E-03	3.09283
5.48830E-03	3.01362
5.48921E-03	2.992
5.49051E-03	2.96332
5.49354E-03	2.89672
5.49581E-03	2.84686
5.49730E-03	2.81417
5.49732E-03	2.81377
5.49884E-03	2.78721
5.50000E-03	2.7669
5.50035E-03	2.76251
5.50187E-03	2.74378
5.50310E-03	2.72855
5.50414E-03	2.71953
5.50868E-03	2.68011
5.51474E-03	2.6276
5.52277E-03	2.55814
5.52483E-03	2.54029
5.53079E-03	2.49323
5.53877E-03	2.43034
5.54664E-03	2.36831
5.55056E-03	2.33749
5.55451E-03	2.30863
5.56246E-03	2.25074
5.56996E-03	2.19613
5.57044E-03	2.1929
5.57842E-03	2.13924
5.58651E-03	2.08489
5.59191E-03	2.04868
5.59595E-03	2.02153
5.59686E-03	2.01543
5.59865E-03	2.007
5.60062E-03	1.99775
5.60247E-03	1.98907
5.60249E-03	1.98898
5.60494E-03	1.98249
5.64934E-03	1.86505
5.68664E-03	1.77338
5.74304E-03	1.6443
5.80000E-03	1.52557
5.89915E-03	1.42094
5.98178E-03	1.34251
6.00000E-03	1.32521
6.48074E-03	1.25227
6.64238E-03	1.23073
7.13414E-03	1.16517
7.19752E-03	1.15673
7.48331E-03	1.11713
7.75524E-03	1.08366
8.00000E-03	1.05353
8.20000E-03	0.973704
8.37500E-03	0.894932
8.39688E-03	0.885089
8.40000E-03	0.883696
8.40175E-03	0.8828
8.41049E-03	0.878367
8.42798E-03	0.869516
8.45597E-03	0.855373
8.48219E-03	0.842141
8.49941E-03	0.833468
8.51149E-03	0.827805
8.54300E-03	0.813068
8.57831E-03	0.796594
8.57859E-03	0.796464
8.59643E-03	0.78816
8.60000E-03	0.78651
8.60872E-03	0.783218
8.62615E-03	0.776678
8.64448E-03	0.769844
8.65408E-03	0.766274
8.67329E-03	0.759174
8.69410E-03	0.751541
8.71491E-03	0.743968
8.73135E-03	0.738036
8.74779E-03	0.732149
8.76829E-03	0.724877
8.78109E-03	0.72039
8.79318E-03	0.716977
8.79606E-03	0.716187
8.79758E-03	0.717203
8.80000E-03	0.718857
8.80198E-03	0.722826
8.80327E-03	0.725428
8.81078E-03	0.748039
8.81308E-03	0.754979
8.82398E-03	0.791001
8.83488E-03	0.827124
8.83550E-03	0.829372
8.84703E-03	0.870924
8.85409E-03	0.896455
8.85471E-03	0.898863
8.86741E-03	0.948361
8.87331E-03	0.971397
8.88012E-03	1.00007
8.89129E-03	1.04729
8.89260E-03	1.05318
8.90508E-03	1.10977
8.90928E-03	1.12888
8.91745E-03	1.16878
8.92854E-03	1.22317
8.92958E-03	1.22866
8.94171E-03	1.29283
8.94780E-03	1.32513
8.95430E-03	1.36221
8.96549E-03	1.42623
8.96712E-03	1.43626
8.97994E-03	1.51551
8.98642E-03	1.55576
8.99308E-03	1.60078
8.99450E-03	1.61043
8.99636E-03	1.62693
8.99692E-03	1.63192
8.99934E-03	1.66284
8.99965E-03	1.66839
9.00177E-03	1.70752
9.00211E-03	1.71566
9.00419E-03	1.76532
9.00622E-03	1.82155
9.00742E-03	1.85514
9.01184E-03	1.99017
9.01216E-03	1.99972
9.01683E-03	2.15371
9.01747E-03	2.17636
9.02150E-03	2.31939
9.02309E-03	2.38006
9.02618E-03	2.49772
9.02872E-03	2.60211
9.03085E-03	2.68968
9.03435E-03	2.84432
9.03555E-03	2.89757
9.03979E-03	3.09992
9.04029E-03	3.12411
9.04504E-03	3.36772
9.04513E-03	3.37308
9.04978E-03	3.6301
9.05048E-03	3.67182
9.05452E-03	3.9132
9.05583E-03	3.99681
9.05927E-03	4.21799
9.06117E-03	4.35051
9.06485E-03	4.60625
9.06659E-03	4.73856
9.07042E-03	5.0307
9.07213E-03	5.17196
9.07600E-03	5.49326
9.07767E-03	5.6446
9.08158E-03	5.99927
9.08321E-03	6.16065
9.08716E-03	6.55052
9.08875E-03	6.72113
9.09149E-03	7.01298
9.09430E-03	7.3416
9.09519E-03	7.44656
9.09701E-03	7.69313
9.09766E-03	7.78151
9.09905E-03	8.00339
9.09952E-03	8.07831
9.10109E-03	8.37276
9.10137E-03	8.42595
9.10312E-03	8.80416
9.10322E-03	8.82556
9.10508E-03	9.27038
9.10516E-03	9.2926
9.10755E-03	9.91917
9.10788E-03	10.0125
9.10982E-03	10.5631
9.11059E-03	10.7993
9.11293E-03	11.5156
9.11331E-03	11.6409
9.11604E-03	12.5541
9.11725E-03	12.9911
9.11916E-03	13.6847
9.12092E-03	14.3836
9.12227E-03	14.9165
9.12460E-03	15.9212
9.12538E-03	16.2592
9.12827E-03	17.6178
9.12844E-03	17.6968
9.13150E-03	19.2612
9.13195E-03	19.5093
9.13456E-03	20.9638
9.13563E-03	21.6053
9.13762E-03	22.8163
9.13891E-03	23.6587
9.14069E-03	24.8325
9.14218E-03	25.9063
9.14366E-03	26.9674
9.14546E-03	28.3789
9.14660E-03	29.2706
9.14856E-03	30.9425
9.14874E-03	31.1143
9.15051E-03	32.7475
9.15093E-03	33.161
9.15247E-03	34.6979
9.15312E-03	35.3881
9.15443E-03	36.7966
9.15648E-03	39.1837
9.15737E-03	40.2145
9.15985E-03	43.3753
9.16027E-03	43.9127
9.16317E-03	47.9519
9.16321E-03	48.0162
9.16607E-03	52.3647
9.16658E-03	53.2036
9.16897E-03	57.1822
9.16994E-03	58.9362
9.17187E-03	62.4375
9.17342E-03	65.4794
9.17465E-03	67.91
9.17695E-03	72.8374
9.17736E-03	73.7198
9.18007E-03	80.0265
9.18048E-03	81.0576
9.18278E-03	86.8709
9.18401E-03	90.2356
9.18549E-03	94.298
9.18754E-03	100.376
9.18809E-03	102.017
9.19047E-03	109.619
9.19115E-03	111.913
9.19494E-03	124.652
9.19524E-03	125.627
9.19621E-03	128.501
9.19682E-03	130.312
9.19747E-03	131.834
9.19801E-03	133.099
9.19874E-03	134.256
9.19921E-03	135.004
9.19968E-03	135.363
9.20000E-03	135.597
9.20035E-03	135.851
9.20069E-03	135.911
9.20113E-03	135.765
9.20173E-03	135.561
9.20227E-03	135.004
9.20276E-03	134.486
9.20340E-03	133.418
9.20415E-03	132.161
9.20454E-03	131.318
9.20553E-03	129.155
9.20680E-03	126.015
9.21021E-03	117.624
9.21244E-03	112.114
9.21361E-03	109.469
9.21659E-03	102.71
9.21701E-03	101.837
9.22044E-03	94.7171
9.22074E-03	94.1037
9.22389E-03	88.107
9.22480E-03	86.3735
9.22733E-03	81.9474
9.22882E-03	79.3569
9.23078E-03	76.2129
9.23284E-03	72.9165
9.23423E-03	70.8708
9.23686E-03	66.9951
9.23765E-03	65.9198
9.24088E-03	61.5555
9.24104E-03	61.358
9.24442E-03	57.1677
9.24497E-03	56.4897
9.24668E-03	54.5558
9.24780E-03	53.2913
9.24894E-03	52.1179
9.25063E-03	50.3799
9.25119E-03	49.8506
9.25345E-03	47.751
9.25345E-03	47.7488
9.25609E-03	45.5318
9.25769E-03	44.1843
9.26062E-03	41.9346
9.26193E-03	40.925
9.26515E-03	38.6385
9.26617E-03	37.9106
9.26968E-03	35.6053
9.27068E-03	34.9456
9.27421E-03	32.8112
9.27519E-03	32.2163
9.27874E-03	30.2375
9.27970E-03	29.7005
9.28218E-03	28.4293
9.28422E-03	27.3815
9.28561E-03	26.7201
9.28872E-03	25.2456
9.28905E-03	25.1048
9.29226E-03	23.6954
9.29248E-03	23.6035
9.29530E-03	22.4533
9.29592E-03	22.2261
9.29834E-03	21.3393
9.29849E-03	21.2902
9.30036E-03	20.6986
9.30107E-03	20.5123
9.30278E-03	20.0589
9.30340E-03	19.8957
9.30622E-03	19.2712
9.30644E-03	19.2215
9.31252E-03	18.0084
9.31266E-03	17.9827
9.31860E-03	16.8749
9.31910E-03	16.7883
9.32514E-03	15.7425
9.32555E-03	15.6725
9.32622E-03	15.5565
9.33199E-03	14.6339
9.33334E-03	14.4188
9.33825E-03	13.6928
9.34046E-03	13.3676
9.34451E-03	12.8107
9.34757E-03	12.3911
9.35078E-03	11.9866
9.35522E-03	11.4251
9.35704E-03	11.2137
9.36281E-03	10.541
9.36341E-03	10.472
9.36859E-03	9.92051
9.37159E-03	9.60159
9.37436E-03	9.33068
9.37977E-03	8.80355
9.38014E-03	8.77013
9.38591E-03	8.24787
9.38637E-03	8.20677
9.39236E-03	7.70832
9.39389E-03	7.58067
9.39688E-03	7.36316
9.39766E-03	7.30651
9.40016E-03	7.16101
9.40027E-03	7.15658
9.40267E-03	7.05296
9.40366E-03	7.02476
9.40894E-03	6.87385
9.41044E-03	6.83696
9.42400E-03	6.50229
9.43721E-03	6.19985
9.44447E-03	6.03397
9.44603E-03	6.00106
9.45925E-03	5.7212
9.46495E-03	5.60053
9.47250E-03	5.45464
9.48575E-03	5.19874
9.49372E-03	5.04507
9.49892E-03	4.95177
9.50330E-03	4.87314
9.51192E-03	4.72808
9.52492E-03	4.50939
9.52780E-03	4.46104
9.53803E-03	4.30336
9.55121E-03	4.10068
9.55229E-03	4.08417
9.56439E-03	3.91241
9.57102E-03	3.81836
9.57774E-03	3.72987
9.59110E-03	3.55425
9.59350E-03	3.52272
9.59777E-03	3.47552
9.59911E-03	3.46082
9.60218E-03	3.44121
9.60472E-03	3.42507
9.61745E-03	3.37924
9.63491E-03	3.31659
9.64934E-03	3.26489
9.64961E-03	3.26389
9.66376E-03	3.21697
9.67964E-03	3.1644
9.69552E-03	3.11191
9.71270E-03	3.05522
9.72452E-03	3.01629
9.72988E-03	3.00014
9.74344E-03	2.95942
9.75700E-03	2.91874
9.77388E-03	2.86813
9.79420E-03	2.80732
9.80000E-03	2.78997
9.80448E-03	2.78299
9.81819E-03	2.76167
9.83647E-03	2.73328
9.85476E-03	2.70494
9.87168E-03	2.67873
9.88861E-03	2.65256
9.91236E-03	2.61589
9.93038E-03	2.5881
9.94048E-03	2.57253
9.96068E-03	2.54141
9.97481E-03	2.51967
9.97612E-03	2.51785
9.99376E-03	2.49333
9.99817E-03	2.48722
1.00000E-02	2.48469
1.00004E-02	2.48449
1.00048E-02	2.4821
1.01370E-02	2.41093
1.03331E-02	2.30539
1.05665E-02	2.19135
1.09268E-02	2.03099
1.10000E-02	2.00041
1.10589E-02	1.98801
1.14891E-02	1.89748
1.20000E-02	1.79946
1.22272E-02	1.66795
1.23323E-02	1.61191
1.24160E-02	1.56722
1.26215E-02	1.46604
1.28094E-02	1.38059
1.30000E-02	1.30032
1.33354E-02	1.20808
1.35100E-02	1.164
1.35691E-02	1.1491
1.39274E-02	1.06608
1.40000E-02	1.05064
1.49545E-02	1.15577
1.50000E-02	1.16078
1.52286E-02	1.27747
1.54179E-02	1.38206
1.56233E-02	1.50365
1.58105E-02	1.62222
1.59934E-02	1.74615
1.59978E-02	1.74915
1.60000E-02	1.75066
1.60025E-02	1.75325
1.60102E-02	1.76102
1.60305E-02	1.78179
1.60427E-02	1.79434
1.60459E-02	1.79759
1.60490E-02	1.80087
1.60500E-02	1.80186
1.60512E-02	1.80413
1.60543E-02	1.81037
1.60575E-02	1.81665
1.60617E-02	1.82503
1.60680E-02	1.83764
1.60743E-02	1.85028
1.60797E-02	1.8611
1.60851E-02	1.87195
1.60905E-02	1.88283
1.60937E-02	1.88936
1.60941E-02	1.89093
1.60968E-02	1.90225
1.60984E-02	1.90905
1.60986E-02	1.91045
1.61004E-02	1.92411
1.61022E-02	1.9378
1.61022E-02	1.93798
1.61043E-02	1.96013
1.61067E-02	1.98562
1.61067E-02	1.98641
1.61090E-02	2.01595
1.61126E-02	2.06175
1.61161E-02	2.10762
1.61180E-02	2.13168
1.61196E-02	2.15565
1.61232E-02	2.20576
1.61267E-02	2.25538
1.61301E-02	2.3051
1.61314E-02	2.32372
1.61336E-02	2.35724
1.61371E-02	2.41088
1.61402E-02	2.45913
1.61406E-02	2.46554
1.61440E-02	2.52699
1.61445E-02	2.53641
1.61467E-02	2.58501
1.61474E-02	2.6061
1.61488E-02	2.64577
1.61508E-02	2.71739
1.61510E-02	2.7221
1.61531E-02	2.8151
1.61542E-02	2.87218
1.61552E-02	2.92308
1.61577E-02	3.06001
1.61585E-02	3.10657
1.61611E-02	3.2697
1.61617E-02	3.3085
1.61645E-02	3.49917
1.61660E-02	3.60075
1.61679E-02	3.74366
1.61703E-02	3.91904
1.61713E-02	4.00412
1.61746E-02	4.26465
1.61748E-02	4.28142
1.61781E-02	4.57124
1.61789E-02	4.64092
1.61811E-02	4.85756
1.61831E-02	5.05014
1.61842E-02	5.15854
1.61872E-02	5.47589
1.61874E-02	5.49408
1.61934E-02	6.13881
1.61940E-02	6.20612
1.61950E-02	6.30352
1.61957E-02	6.36744
1.61967E-02	6.44126
1.61974E-02	6.497
1.61979E-02	6.52214
1.61991E-02	6.58242
1.61992E-02	6.5831
1.62003E-02	6.61001
1.62005E-02	6.61306
1.62007E-02	6.6144
1.62010E-02	6.61604
1.62021E-02	6.60429
1.62024E-02	6.60071
1.62035E-02	6.56535
1.62038E-02	6.55234
1.62048E-02	6.49825
1.62058E-02	6.44798
1.62069E-02	6.368
1.62077E-02	6.31437
1.62138E-02	5.83646
1.62173E-02	5.56761
1.62180E-02	5.51797
1.62221E-02	5.2191
1.62231E-02	5.15244
1.62262E-02	4.94658
1.62288E-02	4.76876
1.62302E-02	4.68517
1.62333E-02	4.48976
1.62342E-02	4.43894
1.62382E-02	4.20493
1.62385E-02	4.19044
1.62409E-02	4.06023
1.62436E-02	3.91685
1.62436E-02	3.91524
1.62454E-02	3.83281
1.62471E-02	3.74911
1.62474E-02	3.73497
1.62489E-02	3.67668
1.62500E-02	3.63439
1.62507E-02	3.61142
1.62525E-02	3.55355
1.62526E-02	3.55127
1.62543E-02	3.507
1.62564E-02	3.45225
1.62570E-02	3.44043
1.62616E-02	3.34248
1.62650E-02	3.27468
1.62719E-02	3.14173
1.62865E-02	2.8773
1.62938E-02	2.75653
1.62975E-02	2.70615
1.63012E-02	2.67133
1.63048E-02	2.65369
1.63109E-02	2.64462
1.63427E-02	2.62405
1.63476E-02	2.61259
1.63516E-02	2.58945
1.63563E-02	2.54531
1.63813E-02	2.2702
1.63938E-02	2.14582
1.63984E-02	2.11172
1.64016E-02	2.1009
1.64031E-02	2.09945
1.64062E-02	2.10255
1.64375E-02	2.19655
1.65000E-02	2.39577
1.65125E-02	2.40932
1.66000E-02	2.46986
1.66060E-02	2.47223
1.67000E-02	2.50967
1.68000E-02	2.51929
1.68840E-02	2.49467
1.69120E-02	2.48135
1.71158E-02	2.33767
1.72482E-02	2.24435
1.75000E-02	2.08183
1.77953E-02	2.05198
1.78354E-02	2.04794
1.79969E-02	2.03164
1.85000E-02	2.21929
1.88655E-02	2.19054
1.89975E-02	2.18018
1.92484E-02	2.046
1.94314E-02	1.95447
1.95000E-02	1.92015
2.00000E-02	1.77016
2.05000E-02	1.6496
2.10000E-02	1.55993
2.11801E-02	1.53093
2.13139E-02	1.50939
2.15000E-02	1.47946
2.20000E-02	1.42989
2.25000E-02	1.39946
2.25953E-02	1.40143
2.29724E-02	1.40924
2.35000E-02	1.42017
2.38116E-02	1.54378
2.39370E-02	1.59355
2.40000E-02	1.62182
2.41163E-02	1.76912
2.42116E-02	1.90105
2.43142E-02	2.05349
2.44069E-02	2.20124
2.45000E-02	2.35983
2.46163E-02	2.57578
2.47117E-02	2.76689
2.48143E-02	2.98756
2.49070E-02	3.20124
2.49851E-02	3.39175
2.51241E-02	3.73081
2.52527E-02	4.06838
2.53937E-02	4.47162
2.54934E-02	4.77728
2.54963E-02	4.78192
2.55000E-02	4.78764
2.55112E-02	4.77536
2.56792E-02	4.41698
2.58584E-02	4.06616
2.60000E-02	3.80896
2.61241E-02	3.51543
2.62527E-02	3.23484
2.63408E-02	3.05654
2.64734E-02	2.80763
2.64989E-02	2.76606
2.65000E-02	2.76427
2.69907E-02	2.78907
2.70200E-02	2.79718
2.75000E-02	2.92997
2.78986E-02	3.15854
2.80000E-02	3.21672
2.83750E-02	2.94661
2.84961E-02	2.86522
2.85066E-02	2.87622
2.86059E-02	3.10475
2.87118E-02	3.36835
2.88144E-02	3.6447
2.89303E-02	3.98433
2.89942E-02	4.17921
2.90000E-02	4.18694
2.90102E-02	4.17565
2.91633E-02	3.82281
2.91838E-02	3.77789
2.92177E-02	3.70366
2.93585E-02	3.41583
2.95000E-02	3.14937
2.96164E-02	2.90213
2.97119E-02	2.71397
2.98145E-02	2.52604
2.99089E-02	2.3667
2.99380E-02	2.3176
3.00000E-02	2.2212
3.01242E-02	2.09753
3.03115E-02	1.92659
3.05000E-02	1.77001
3.07177E-02	1.63659
3.09203E-02	1.52352
3.09528E-02	1.50535
3.10000E-02	1.48138
3.15000E-02	1.45024
3.20000E-02	1.48025
3.25000E-02	1.62003
3.27490E-02	1.745
3.28436E-02	1.79572
3.30000E-02	1.87968
3.32119E-02	1.95177
3.35000E-02	2.04977
3.40000E-02	2.17907
3.43750E-02	2.1796
3.45000E-02	2.17917
3.45027E-02	2.17879
3.49867E-02	2.11119
3.54735E-02	1.97658
3.56707E-02	1.9369
3.60000E-02	1.87065
3.63734E-02	1.89253
3.64916E-02	1.89946
3.65150E-02	1.90932
3.67491E-02	2.05815
3.70000E-02	2.22931
3.74372E-02	2.49011
3.75000E-02	2.52865
3.80000E-02	2.7093
3.81436E-02	2.71488
3.85000E-02	2.72874
3.88627E-02	2.57717
3.89918E-02	2.52323
3.94372E-02	2.27319
3.95000E-02	2.23893
3.97180E-02	2.06479
4.00000E-02	1.85846
4.01244E-02	1.72585
4.02180E-02	1.63183
4.03587E-02	1.50041
4.05000E-02	1.38118
4.09058E-02	1.28183
4.09922E-02	1.26283
4.10000E-02	1.26455
4.10103E-02	1.27343
4.10822E-02	1.36265
4.11644E-02	1.47264
4.12480E-02	1.59367
4.13109E-02	1.69104
4.14053E-02	1.84847
4.14763E-02	1.97709
4.15000E-02	2.02394
4.15301E-02	2.1142
4.15602E-02	2.2091
4.16149E-02	2.39502
4.16697E-02	2.59715
4.17245E-02	2.81509
4.17717E-02	3.01922
4.18190E-02	3.2358
4.18811E-02	3.54524
4.19278E-02	3.79705
4.19979E-02	4.20041
4.20120E-02	4.25111
4.21244E-02	4.54973
4.22180E-02	4.81355
4.23588E-02	5.23836
4.23603E-02	5.24325
4.25000E-02	5.70189
4.26245E-02	6.19505
4.26279E-02	6.20977
4.27532E-02	6.7499
4.28940E-02	7.41194
4.29934E-02	7.90924
4.30000E-02	7.92355
4.30112E-02	7.90667
4.31794E-02	7.29535
4.33588E-02	6.69554
4.36712E-02	5.72214
4.37884E-02	5.38193
4.39647E-02	4.90964
4.40000E-02	4.82045
4.41712E-02	4.44157
4.43588E-02	4.06254
4.45000E-02	3.80091
4.47181E-02	3.51025
4.49529E-02	3.22487
4.50000E-02	3.17617
4.51907E-02	3.3257
4.52500E-02	3.37221
4.55000E-02	3.57938
4.59447E-02	3.85914
4.60000E-02	3.89391
4.63044E-02	3.51085
4.65000E-02	3.28039
4.67493E-02	3.04126
4.70000E-02	2.81984
4.72493E-02	2.61215
4.75000E-02	2.41996
4.76232E-02	2.34061
4.77493E-02	2.25932
4.80000E-02	2.10987
4.84373E-02	1.90688
4.85000E-02	1.87972
4.89373E-02	1.7386
4.90000E-02	1.71959
4.95000E-02	1.61928
4.99701E-02	1.54507
5.00000E-02	1.54036
5.05000E-02	1.5102
5.09927E-02	1.52003
5.10000E-02	1.52018
5.15000E-02	1.58028
5.20000E-02	1.72054
5.24373E-02	1.89403
5.25000E-02	1.92073
5.27494E-02	2.07398
5.29978E-02	2.23828
5.30000E-02	2.23973
5.35000E-02	2.53538
5.37500E-02	2.35811
5.40000E-02	2.18892
5.40401E-02	2.15177
5.41246E-02	2.07349
5.43120E-02	1.91028
5.45000E-02	1.76044
5.47494E-02	1.61402
5.51246E-02	1.41328
5.53120E-02	1.31854
5.55000E-02	1.23212
5.57971E-02	1.272
5.58685E-02	1.28157
5.59882E-02	1.29871
5.60020E-02	1.30562
5.60158E-02	1.32118
5.60895E-02	1.4196
5.61645E-02	1.52785
5.62482E-02	1.65826
5.63346E-02	1.80447
5.64291E-02	1.97872
5.65000E-02	2.12078
5.65895E-02	2.32261
5.66646E-02	2.50655
5.67482E-02	2.72873
5.68346E-02	2.97838
5.68996E-02	3.18087
5.69645E-02	3.3968
5.70623E-02	3.74752
5.71407E-02	4.05336
5.72064E-02	4.32861
5.72796E-02	4.65738
5.73582E-02	5.03731
5.74291E-02	5.40574
5.75895E-02	6.3025
5.76646E-02	6.75522
5.77482E-02	7.29807
5.78380E-02	7.92804
5.79392E-02	8.7046
5.79899E-02	9.11278
5.80000E-02	9.16842
5.80098E-02	9.18518
5.83676E-02	8.82583
5.84977E-02	8.69512
5.85465E-02	8.51715
5.86246E-02	8.21117
5.88120E-02	7.52771
5.90000E-02	6.90141
5.91246E-02	6.53512
5.93120E-02	6.02285
5.95000E-02	5.55268
5.97495E-02	5.11858
5.98178E-02	5.01016
6.00000E-02	4.72117
6.02495E-02	4.41527
6.05000E-02	4.1306
6.09373E-02	3.73358
6.10000E-02	3.68019
6.14373E-02	3.36295
6.15000E-02	3.32011
6.18405E-02	3.12964
6.20000E-02	3.04046
6.25000E-02	2.82033
6.30000E-02	2.64048
6.35000E-02	2.53006
6.40000E-02	2.44007
6.45000E-02	2.3803
6.50000E-02	2.39061
6.55000E-02	2.52183
6.56871E-02	2.67889
6.57495E-02	2.73125
6.60000E-02	2.9609
6.62495E-02	3.24204
6.64238E-02	3.45704
6.65000E-02	3.55103
6.67183E-02	3.87664
6.69530E-02	4.25977
6.70000E-02	4.34075
6.72183E-02	4.75656
6.74060E-02	5.14455
6.77183E-02	5.82623
6.79530E-02	6.38338
6.80000E-02	6.50166
6.81247E-02	6.86823
6.83121E-02	7.4592
6.84883E-02	8.05745
6.85049E-02	8.0849
6.88904E-02	7.59225
6.89978E-02	7.44721
6.90054E-02	7.4231
6.91247E-02	7.04341
6.93121E-02	6.47405
6.95857E-02	5.70392
6.96715E-02	5.4589
6.97886E-02	5.1471
6.99647E-02	4.71278
7.00000E-02	4.63256
7.02183E-02	4.28075
7.04530E-02	3.93578
7.05000E-02	3.87113
7.07496E-02	3.61683
7.10000E-02	3.38137
7.13414E-02	3.17438
7.14373E-02	3.11624
7.15000E-02	3.08102
7.20000E-02	2.92083
7.25000E-02	2.87133
7.27468E-02	2.93524
7.30000E-02	3.00082
7.35000E-02	3.2464
7.39920E-02	3.06264
7.45000E-02	2.79047
7.53748E-02	2.49904
7.55000E-02	2.4598
7.60000E-02	2.32035
7.62872E-02	2.25708
7.65000E-02	2.21023
7.70000E-02	2.11995
7.75000E-02	2.02047
7.77255E-02	2.00223
7.80000E-02	1.98003
7.85000E-02	1.95047
7.90000E-02	1.9897
7.95000E-02	2.00974
8.00000E-02	2.0197
8.02500E-02	2.01976
8.05000E-02	2.01966
8.10000E-02	2.00938
8.15000E-02	1.95943
8.20000E-02	1.88005
8.25000E-02	1.78993
8.30000E-02	1.68014
8.35000E-02	1.58029
8.40000E-02	1.50084
8.49961E-02	1.52064
8.52557E-02	1.58758
8.55000E-02	1.65056
8.57831E-02	1.75721
8.59374E-02	1.81532
8.60000E-02	1.84074
8.62496E-02	1.97993
8.65000E-02	2.13103
8.67184E-02	2.30878
8.69530E-02	2.5167
8.70000E-02	2.56131
8.71247E-02	2.71151
8.73122E-02	2.95512
8.75000E-02	3.21739
8.79922E-02	3.61011
8.79961E-02	3.61062
8.80000E-02	3.60986
8.83122E-02	3.15205
8.85000E-02	2.90041
8.86247E-02	2.74307
8.88122E-02	2.52293
8.90000E-02	2.32125
8.92184E-02	2.14567
8.94530E-02	1.97319
8.95000E-02	1.94123
8.99374E-02	1.74636
9.00000E-02	1.72147
9.03814E-02	1.68305
9.05000E-02	1.6711
9.09920E-02	1.73939
9.10467E-02	1.75856
9.15000E-02	1.93898
9.20000E-02	2.01884
9.24920E-02	1.96031
9.25154E-02	1.95089
9.27497E-02	1.81481
9.30000E-02	1.67826
9.31716E-02	1.52236
9.32514E-02	1.45517
9.32888E-02	1.42376
9.33591E-02	1.36649
9.35000E-02	1.26111
9.36247E-02	1.19536
9.38122E-02	1.10432
9.39883E-02	1.02605
9.40000E-02	1.02406
9.40146E-02	1.02722
9.41561E-02	1.09292
9.43122E-02	1.16996
9.45000E-02	1.27121
9.46248E-02	1.37026
9.47184E-02	1.45045
9.48591E-02	1.57967
9.50000E-02	1.72129
9.51248E-02	1.88143
9.52463E-02	2.05293
9.52536E-02	2.06314
9.53415E-02	2.19704
9.54759E-02	2.41851
9.55336E-02	2.52544
9.56170E-02	2.69545
9.56716E-02	2.81008
9.57844E-02	3.06583
9.58690E-02	3.27314
9.61248E-02	3.9449
9.62536E-02	4.30918
9.63415E-02	4.5767
9.64868E-02	5.05028
9.65000E-02	5.06966
9.65117E-02	5.0549
9.66248E-02	4.68242
9.67536E-02	4.28623
9.68415E-02	4.03552
9.69811E-02	3.66809
9.70065E-02	3.61399
9.72184E-02	3.33487
9.74530E-02	3.05383
9.75000E-02	3.0021
9.79374E-02	2.70072
9.80000E-02	2.66188
9.85000E-02	2.53065
9.90000E-02	2.46017
9.99402E-02	2.34734
9.99597E-02	2.34501
1.00000E-01	2.34017
1.02000E-01	2.1199
1.04000E-01	1.80053
1.04984E-01	1.73157
1.05000E-01	1.73368
1.05043E-01	1.75997
1.05171E-01	1.85182
1.05343E-01	1.97978
1.05568E-01	2.1627
1.05722E-01	2.29704
1.05954E-01	2.51457
1.05996E-01	2.55761
1.06000E-01	2.56211
1.06124E-01	2.73747
1.06281E-01	2.97754
1.06413E-01	3.19457
1.06559E-01	3.45505
1.06716E-01	3.7577
1.06858E-01	4.0527
1.07000E-01	4.36509
1.07343E-01	4.77392
1.07577E-01	5.07012
1.08000E-01	5.6432
1.08986E-01	5.61942
1.09015E-01	5.59543
1.09249E-01	5.22582
1.09436E-01	4.94812
1.09718E-01	4.55908
1.10000E-01	4.19813
1.10179E-01	3.9004
1.10329E-01	3.66566
1.10496E-01	3.42091
1.10676E-01	3.17676
1.10838E-01	2.97196
1.11000E-01	2.78277
1.11249E-01	2.62819
1.11594E-01	2.43244
1.11624E-01	2.4156
1.12000E-01	2.21955
1.12249E-01	2.06766
1.12436E-01	1.96019
1.12718E-01	1.80943
1.13000E-01	1.67118
1.13499E-01	1.54006
1.14000E-01	1.42147
1.14862E-01	1.47258
1.14995E-01	1.48051
1.15093E-01	1.51089
1.15249E-01	1.56287
1.15624E-01	1.69587
1.16000E-01	1.84073
1.16249E-01	1.97067
1.16577E-01	2.15604
1.16735E-01	2.25405
1.17000E-01	2.41827
1.18000E-01	2.71783
1.19007E-01	2.57656
1.19499E-01	2.37724
1.20000E-01	2.1908
1.20875E-01	1.98763
1.21000E-01	1.96031
1.22000E-01	1.7903
1.22276E-01	1.75439
1.23000E-01	1.6603
1.23681E-01	1.59898
1.24000E-01	1.57027
1.25000E-01	1.52024
1.26000E-01	1.51046
1.27000E-01	1.57038
1.27482E-01	1.62863
1.28000E-01	1.69132
1.28437E-01	1.85088
1.28906E-01	2.0403
1.29000E-01	2.07981
1.29499E-01	2.27137
1.30000E-01	2.47792
1.31000E-01	2.49984
1.31374E-01	2.49234
1.32000E-01	2.47981
1.33000E-01	2.41978
1.34000E-01	2.31985
1.35000E-01	2.17993
1.37000E-01	1.85986
1.37875E-01	1.70169
1.38000E-01	1.68061
1.38011E-01	1.67985
1.39000E-01	1.61035
1.40000E-01	1.60038
1.41000E-01	1.66031
1.42000E-01	1.78053
1.42875E-01	1.96268
1.43000E-01	1.99032
1.43174E-01	2.03747
1.43499E-01	2.1255
1.44000E-01	2.26983
1.45000E-01	2.52949
1.45494E-01	2.61802
1.46000E-01	2.70885
1.46201E-01	2.70091
1.47000E-01	2.66943
1.48000E-01	2.51921
1.48875E-01	2.2646
1.49000E-01	2.23029
1.49875E-01	2.0365
1.50000E-01	2.01225
1.50988E-01	2.18828
1.51078E-01	2.22733
1.51437E-01	2.40031
1.51906E-01	2.64806
1.52000E-01	2.70062
1.52249E-01	2.86465
1.52574E-01	3.09499
1.52624E-01	3.13023
1.53000E-01	3.4198
1.53437E-01	3.742
1.54000E-01	4.19441
1.54976E-01	4.0437
1.55015E-01	4.02654
1.55249E-01	3.82941
1.55624E-01	3.53347
1.56000E-01	3.25986
1.56343E-01	3.00045
1.56718E-01	2.74041
1.57000E-01	2.55974
1.57249E-01	2.38876
1.57437E-01	2.26772
1.57718E-01	2.09762
1.58000E-01	1.94028
1.58249E-01	1.81331
1.58577E-01	1.65925
1.58929E-01	1.50878
1.59000E-01	1.48202
1.59750E-01	1.42757
1.60000E-01	1.4121
1.60406E-01	1.52547
1.60906E-01	1.67967
1.61000E-01	1.71257
1.61179E-01	1.84658
1.61329E-01	1.96892
1.61383E-01	2.01523
1.61497E-01	2.11479
1.61676E-01	2.28307
1.61838E-01	2.44594
1.62000E-01	2.61793
1.62343E-01	2.86588
1.62577E-01	3.04636
1.62987E-01	3.38476
1.62991E-01	3.38591
1.63009E-01	3.37757
1.63035E-01	3.33611
1.63141E-01	3.14687
1.63282E-01	2.91123
1.63413E-01	2.70763
1.63560E-01	2.4977
1.63711E-01	2.29825
1.63907E-01	2.06367
1.63985E-01	1.97836
1.64000E-01	1.96552
1.64023E-01	1.95613
1.65000E-01	1.77879
1.65249E-01	1.68245
1.65624E-01	1.54579
1.66000E-01	1.42154
1.67000E-01	1.34115
1.67475E-01	1.39304
1.67988E-01	1.44895
1.68078E-01	1.4714
1.68437E-01	1.57052
1.69000E-01	1.7397
1.69624E-01	1.90514
1.69984E-01	2.00433
1.69988E-01	2.00456
1.70010E-01	1.99768
1.70082E-01	1.93205
1.70165E-01	1.85411
1.70329E-01	1.70959
1.70497E-01	1.57461
1.70511E-01	1.56376
1.70670E-01	1.44652
1.70788E-01	1.36521
1.70979E-01	1.243
1.71009E-01	1.22845
1.71249E-01	1.16371
1.71624E-01	1.07072
1.72000E-01	0.986268
1.73000E-01	0.962748
1.73750E-01	1.0347
1.74000E-01	1.06012
1.74749E-01	1.14883
1.75499E-01	1.24338
1.76000E-01	1.30988
1.77000E-01	1.41
1.77544E-01	1.45889
1.78000E-01	1.49987
1.79000E-01	1.55985
1.80000E-01	1.58989
1.80763E-01	1.59742
1.81000E-01	1.59976
1.82000E-01	1.56962
1.83000E-01	1.47956
1.83875E-01	1.33035
1.84000E-01	1.31037
1.85000E-01	1.20021
1.86000E-01	1.12009
1.87000E-01	1.05033
1.88000E-01	1.03031
1.89000E-01	1.06024
1.90000E-01	1.131
1.90437E-01	1.22556
1.90493E-01	1.23881
1.90906E-01	1.33684
1.91000E-01	1.36036
1.91146E-01	1.40343
1.91250E-01	1.43395
1.91624E-01	1.55221
1.92000E-01	1.68127
1.92250E-01	1.81353
1.92437E-01	1.92041
1.92718E-01	2.0927
1.93000E-01	2.27738
1.93992E-01	2.5253
1.94000E-01	2.52467
1.94359E-01	2.32112
1.94718E-01	2.12927
1.95000E-01	1.99198
1.95815E-01	1.84273
1.95875E-01	1.8317
1.96000E-01	1.81091
1.97000E-01	1.781
1.97984E-01	1.90813
1.98875E-01	2.11007
1.99000E-01	2.13967
1.99880E-01	2.29514
2.00000E-01	2.31624
2.00406E-01	2.15321
2.00906E-01	1.96391
2.01000E-01	1.92919
2.01343E-01	1.76191
2.01578E-01	1.6556
2.01930E-01	1.50816
2.02000E-01	1.48064
2.02250E-01	1.40453
2.02624E-01	1.29832
2.03000E-01	1.20048
2.03499E-01	1.10643
2.04000E-01	1.02034
2.04875E-01	0.916148
2.05000E-01	0.902294
2.05875E-01	0.83261
2.06000E-01	0.823235
2.07000E-01	0.772197
2.08000E-01	0.742271
2.09000E-01	0.746154
2.10000E-01	0.76813
2.11000E-01	0.806152
2.11801E-01	0.853453
2.11991E-01	0.864662
2.12000E-01	0.86518
2.13000E-01	0.952166
2.13875E-01	1.05466
2.14000E-01	1.07048
2.14499E-01	1.16129
2.15000E-01	1.26046
2.15437E-01	1.3719
2.15906E-01	1.50271
2.16000E-01	1.53082
2.16343E-01	1.66913
2.16578E-01	1.77097
2.16930E-01	1.93565
2.17250E-01	2.08486
2.17624E-01	2.26945
2.17977E-01	2.45672
2.18000E-01	2.46188
2.18027E-01	2.45108
2.18328E-01	2.25124
2.18437E-01	2.18203
2.18718E-01	2.01478
2.19000E-01	1.86278
2.19500E-01	1.79002
2.20000E-01	1.7209
2.21000E-01	1.71014
2.22000E-01	1.72027
2.23000E-01	1.77022
2.23189E-01	1.78343
2.24000E-01	1.84028
2.24256E-01	1.86584
2.25000E-01	1.94027
2.27000E-01	2.19748
2.28000E-01	1.95688
2.28234E-01	1.79947
2.28425E-01	1.67786
2.28630E-01	1.5567
2.28815E-01	1.45516
2.29000E-01	1.36116
2.29343E-01	1.24039
2.29578E-01	1.16477
2.29930E-01	1.06001
2.30000E-01	1.04098
2.30498E-01	0.967919
2.30873E-01	0.917109
2.31436E-01	0.84587
2.32000E-01	0.781074
2.33470E-01	0.815628
2.33967E-01	0.827309
2.34061E-01	0.832674
2.34998E-01	0.903206
2.36000E-01	0.985146
2.36998E-01	1.07821
2.38000E-01	1.18054
2.38498E-01	1.26542
2.38599E-01	1.284
2.39154E-01	1.38681
2.39859E-01	1.53
2.40000E-01	1.56078
2.40249E-01	1.63951
2.40686E-01	1.78824
2.41137E-01	1.95568
2.41445E-01	2.07876
2.41907E-01	2.27829
2.42000E-01	2.32131
2.42358E-01	2.54732
2.42658E-01	2.75425
2.42993E-01	3.0046
2.43339E-01	3.28652
2.43575E-01	3.49379
2.43982E-01	3.87929
2.44000E-01	3.88514
2.44026E-01	3.86988
2.44281E-01	3.59387
2.44563E-01	3.31012
2.44826E-01	3.06618
2.45119E-01	2.8157
2.45421E-01	2.57872
2.45628E-01	2.42869
2.45953E-01	2.21002
2.45984E-01	2.19164
2.46016E-01	2.18458
2.46998E-01	2.36715
2.47362E-01	2.44032
2.47984E-01	2.5653
2.48000E-01	2.56408
2.48041E-01	2.54404
2.48329E-01	2.36239
2.48658E-01	2.17062
2.48993E-01	1.99222
2.49339E-01	1.82354
2.49575E-01	1.71681
2.49929E-01	1.56841
2.50000E-01	1.54109
2.50499E-01	1.41271
2.51014E-01	1.29225
2.51365E-01	1.21607
2.51894E-01	1.11026
2.52000E-01	1.09058
2.52499E-01	1.0327
2.53248E-01	0.952255
2.54000E-01	0.878391
2.55749E-01	0.796233
2.56000E-01	0.785298
2.58000E-01	0.750361
2.59991E-01	0.790283
2.60030E-01	0.793868
2.60499E-01	0.852362
2.60873E-01	0.902248
2.60972E-01	0.916344
2.61436E-01	0.982622
2.62000E-01	1.06983
2.62499E-01	1.13202
2.62749E-01	1.16526
2.63248E-01	1.23169
2.64000E-01	1.33905
2.66000E-01	1.35939
2.67875E-01	1.21896
2.67984E-01	1.21194
2.68021E-01	1.21686
2.68329E-01	1.31178
2.68658E-01	1.42137
2.68993E-01	1.54227
2.69339E-01	1.67775
2.69716E-01	1.83912
2.70000E-01	1.96617
2.70200E-01	1.95661
2.72000E-01	1.87084
2.74000E-01	1.97127
2.74873E-01	2.15183
2.75812E-01	2.36536
2.76021E-01	2.41293
2.76998E-01	2.63474
2.78000E-01	2.88012
2.78998E-01	3.13402
2.80000E-01	3.40966
2.81749E-01	3.80977
2.82000E-01	3.86966
2.84000E-01	4.25919
2.86000E-01	4.44804
2.87991E-01	4.12966
2.88108E-01	4.06657
2.88499E-01	3.83821
2.88873E-01	3.63281
2.89436E-01	3.34517
2.90000E-01	3.07975
2.90499E-01	2.83182
2.90987E-01	2.60869
2.91014E-01	2.5965
2.91366E-01	2.44737
2.91894E-01	2.23979
2.92000E-01	2.20194
2.92998E-01	2.06604
2.94000E-01	1.94371
2.94507E-01	2.11426
2.95014E-01	2.30344
2.95366E-01	2.4444
2.95788E-01	2.62501
2.96249E-01	2.83449
2.96686E-01	3.04609
2.97155E-01	3.29032
2.97577E-01	3.52683
2.98000E-01	3.77892
2.98499E-01	4.00873
2.99089E-01	4.29922
2.99248E-01	4.37761
3.00000E-01	4.77234
3.00812E-01	4.42423
3.01624E-01	4.09405
3.02249E-01	3.85949
3.02873E-01	3.64168
3.03812E-01	3.33816
3.04000E-01	3.2806
3.04998E-01	3.04688
3.05149E-01	3.01455
3.06000E-01	2.83193
3.07006E-01	2.84479
3.08000E-01	2.85748
3.08499E-01	2.70565
3.09248E-01	2.48931
3.10000E-01	2.28889
3.10456E-01	2.10254
3.10874E-01	1.94377
3.11251E-01	1.81145
3.11597E-01	1.69801
3.12020E-01	1.56891
3.12391E-01	1.46403
3.12868E-01	1.33963
3.13133E-01	1.27501
3.13599E-01	1.16939
3.14080E-01	1.06958
3.14408E-01	1.00647
3.14901E-01	0.918797
3.15000E-01	0.90374
3.15779E-01	0.933475
3.18116E-01	1.03272
3.20000E-01	1.12023
3.21243E-01	1.2109
3.22178E-01	1.28384
3.23586E-01	1.4016
3.25000E-01	1.5298
3.27490E-01	1.66883
3.30000E-01	1.81974
3.33477E-01	1.89294
3.40000E-01	2.03023
3.41023E-01	2.07767
3.44339E-01	2.23148
3.49051E-01	2.47002
3.50000E-01	2.51956
3.55342E-01	2.47175
3.59876E-01	2.43117
3.61525E-01	2.38059
3.64966E-01	2.27511
3.67795E-01	2.19364
3.70000E-01	2.13012
3.80000E-01	1.97022
3.80985E-01	1.9713
3.90052E-01	1.98123
3.99761E-01	2.20454
4.00000E-01	2.21004
4.05643E-01	2.36235
4.10000E-01	2.47995
4.20000E-01	2.60995
4.23982E-01	2.61792
4.30000E-01	2.62996
4.39858E-01	2.58071
4.40616E-01	2.56017
4.44972E-01	2.4201
4.46377E-01	2.37815
4.50000E-01	2.26999
4.54348E-01	2.10009
4.59054E-01	1.93228
4.59447E-01	1.9191
4.60000E-01	1.90055
4.66941E-01	2.01817
4.69735E-01	2.06552
4.78740E-01	2.2875
4.80000E-01	2.32
4.90000E-01	2.46984
4.92874E-01	2.44116
4.94724E-01	2.42271
4.99938E-01	2.3707
5.04351E-01	2.18111
5.09055E-01	1.99559
5.09927E-01	1.96303
5.10000E-01	1.96029
5.20000E-01	1.8101
5.25497E-01	1.76074
5.30000E-01	1.72032
5.40048E-01	1.82172
5.44955E-01	1.98666
5.50000E-01	2.16985
5.52043E-01	2.19844
5.60000E-01	2.30981
5.66395E-01	2.24607
5.67901E-01	2.23105
5.72696E-01	2.17605
5.75801E-01	2.14043
5.80000E-01	2.09011
5.81974E-01	2.07827
5.90000E-01	2.03017
5.99364E-01	2.09566
6.01445E-01	2.10084
6.10298E-01	2.10526
6.40000E-01	2.12009
6.45530E-01	2.12285
6.64671E-01	2.13241
6.82046E-01	2.14109
7.10176E-01	2.15515
7.23051E-01	2.16158
7.61971E-01	2.18103
7.72511E-01	2.1863
7.80000E-01	2.19004
7.82472E-01	2.19129
7.84642E-01	2.19238
7.86546E-01	2.19334
7.88946E-01	2.19455
7.90961E-01	2.19557
7.93211E-01	2.1967
7.95629E-01	2.19792
7.97812E-01	2.19903
7.99522E-01	2.19989
8.00000E-01	2.20014
8.02473E-01	2.20321
8.06819E-01	2.20861
8.11326E-01	2.21421
8.14413E-01	2.21805
8.19067E-01	2.22384
8.20000E-01	2.225
8.21816E-01	2.22552
8.23486E-01	2.226
8.25532E-01	2.22659
8.27327E-01	2.22711
8.28900E-01	2.22757
8.30884E-01	2.22815
8.32548E-01	2.22864
8.34405E-01	2.22919
8.36399E-01	2.22978
8.38197E-01	2.23032
8.40000E-01	2.23086
8.46822E-01	2.23279
8.47965E-01	2.23311
8.54327E-01	2.23492
8.57831E-01	2.23591
8.60000E-01	2.23653
8.68693E-01	2.23899
8.78107E-01	2.24166
8.80000E-01	2.24219
8.89944E-01	2.24501
8.92754E-01	2.2464
9.00000E-01	2.25001
9.09945E-01	2.25495
9.20000E-01	2.25995
9.33881E-01	2.27389
9.37480E-01	2.27751
9.40000E-01	2.28004
9.60000E-01	2.31001
9.72427E-01	2.32244
9.89449E-01	2.33946
9.99933E-01	2.34994
1.00000E+00	2.35001
1.01000E+00	2.3648
1.01569E+00	2.37344
1.02000E+00	2.38
1.03137E+00	2.40274
1.04954E+00	2.43906
1.05099E+00	2.44196
1.06000E+00	2.45997
1.06708E+00	2.47058
1.08000E+00	2.48997
1.08415E+00	2.49828
1.10000E+00	2.52996
1.10061E+00	2.53145
1.10409E+00	2.54003
1.11238E+00	2.56047
1.11661E+00	2.57087
1.12000E+00	2.57923
1.13200E+00	2.59171
1.14000E+00	2.60003
1.14696E+00	2.6035
1.16000E+00	2.61001
1.16395E+00	2.60606
1.16636E+00	2.60366
1.18000E+00	2.59002
1.18484E+00	2.58275
1.20000E+00	2.56
1.20244E+00	2.55391
1.21917E+00	2.51203
1.22000E+00	2.50995
1.22060E+00	2.50846
1.23507E+00	2.47232
1.24000E+00	2.46
1.25753E+00	2.40747
1.26000E+00	2.40007
1.27805E+00	2.41808
1.28000E+00	2.42003
1.29717E+00	2.4716
1.30000E+00	2.4801
1.30900E+00	2.56555
1.32000E+00	2.66995
1.33148E+00	2.75597
1.34000E+00	2.81984
1.34871E+00	2.81024
1.35146E+00	2.80724
1.35811E+00	2.79998
1.36000E+00	2.79793
1.36030E+00	2.7976
1.36409E+00	2.76757
1.36919E+00	2.7272
1.36996E+00	2.7211
1.38000E+00	2.64173
1.38996E+00	2.56282
1.39183E+00	2.54808
1.39498E+00	2.52311
1.40000E+00	2.48518
1.41106E+00	2.54175
1.42000E+00	2.58751
1.43279E+00	2.653
1.44000E+00	2.68994
1.44610E+00	2.7159
1.44930E+00	2.72951
1.46000E+00	2.77502
1.46357E+00	2.78331
1.46657E+00	2.79037
1.46992E+00	2.79834
1.47351E+00	2.80703
1.47443E+00	2.80929
1.47675E+00	2.81498
1.48000E+00	2.82306
1.48424E+00	2.83698
1.48848E+00	2.85104
1.49259E+00	2.8648
1.49629E+00	2.87733
1.50000E+00	2.89001
1.50124E+00	2.89187
1.50241E+00	2.89362
1.50350E+00	2.89526
1.50453E+00	2.8968
1.50549E+00	2.89824
1.50682E+00	2.90023
1.50803E+00	2.90206
1.50913E+00	2.9037
1.51013E+00	2.90521
1.51136E+00	2.90705
1.51244E+00	2.90867
1.51380E+00	2.9107
1.51493E+00	2.9124
1.51620E+00	2.9143
1.51750E+00	2.91626
1.51839E+00	2.9176
1.52000E+00	2.92001
1.52249E+00	2.9159
1.52394E+00	2.9135
1.52466E+00	2.9123
1.52657E+00	2.90915
1.52898E+00	2.90518
1.53000E+00	2.90349
1.53099E+00	2.90185
1.53324E+00	2.89814
1.53565E+00	2.89416
1.53782E+00	2.89057
1.54000E+00	2.88697
1.54357E+00	2.87499
1.54657E+00	2.86494
1.54992E+00	2.85372
1.55000E+00	2.85345
1.55338E+00	2.84217
1.55574E+00	2.83427
1.55929E+00	2.82241
1.56000E+00	2.82004
1.56249E+00	2.80941
1.56498E+00	2.79877
1.56685E+00	2.79082
1.57136E+00	2.77164
1.57247E+00	2.7669
1.57444E+00	2.75859
1.57814E+00	2.74292
1.58000E+00	2.73508
1.58124E+00	2.73413
1.58466E+00	2.73151
1.58848E+00	2.72859
1.58872E+00	2.72841
1.59259E+00	2.72555
1.59629E+00	2.72281
1.59904E+00	2.72078
1.60000E+00	2.72008
1.60498E+00	2.73355
1.60577E+00	2.73569
1.60872E+00	2.74377
1.61153E+00	2.75147
1.61435E+00	2.75928
1.61859E+00	2.77104
1.62000E+00	2.77501
1.62175E+00	2.78013
1.62350E+00	2.78543
1.62498E+00	2.79003
1.62556E+00	2.79184
1.62735E+00	2.79766
1.62893E+00	2.80291
1.63091E+00	2.80976
1.63247E+00	2.81534
1.63258E+00	2.81572
1.63443E+00	2.8226
1.63642E+00	2.8303
1.63821E+00	2.83753
1.64000E+00	2.84499
1.64233E+00	2.8534
1.64467E+00	2.86201
1.64741E+00	2.87252
1.64971E+00	2.88161
1.64997E+00	2.88266
1.65228E+00	2.89203
1.65493E+00	2.90307
1.65782E+00	2.91544
1.66000E+00	2.92494
1.66997E+00	2.93732
1.67000E+00	2.93736
1.68000E+00	2.95003
1.68997E+00	2.92604
1.69593E+00	2.91171
1.70000E+00	2.90191
1.70577E+00	2.86366
1.71153E+00	2.82557
1.71749E+00	2.78649
1.71859E+00	2.77928
1.72000E+00	2.77004
1.73500E+00	2.71005
1.74000E+00	2.69007
1.74329E+00	2.69113
1.74658E+00	2.6924
1.74992E+00	2.69393
1.75244E+00	2.69523
1.75621E+00	2.69747
1.76000E+00	2.70005
1.76624E+00	2.72477
1.77247E+00	2.74966
1.78000E+00	2.78001
1.78551E+00	2.81015
1.78872E+00	2.82774
1.79812E+00	2.87949
1.80000E+00	2.88989
1.82000E+00	2.91497
1.82233E+00	2.91737
1.82467E+00	2.91994
1.82741E+00	2.9232
1.82971E+00	2.92615
1.83228E+00	2.92967
1.83503E+00	2.93375
1.83752E+00	2.93772
1.84000E+00	2.94196
1.86000E+00	2.96498
1.86776E+00	2.9774
1.88000E+00	2.99699
1.90000E+00	3.05215
1.91749E+00	3.10532
1.92000E+00	3.11297
1.92507E+00	3.13183
1.93013E+00	3.15111
1.93365E+00	3.16476
1.93894E+00	3.18564
1.94000E+00	3.18992
1.94233E+00	3.19432
1.94467E+00	3.19907
1.94741E+00	3.20509
1.94972E+00	3.21053
1.95228E+00	3.21704
1.95493E+00	3.22432
1.95674E+00	3.22962
1.96000E+00	3.23987
1.96865E+00	3.22833
1.97154E+00	3.22464
1.97859E+00	3.21611
1.97890E+00	3.21575
1.98000E+00	3.21446
1.98250E+00	3.21206
1.98873E+00	3.19179
1.99812E+00	3.16181
2.00000E+00	3.15584
2.00250E+00	3.14615
2.00624E+00	3.1319
2.01000E+00	3.11803
2.01750E+00	3.08046
2.02000E+00	3.06802
2.02437E+00	3.04023
2.02906E+00	3.01091
2.03000E+00	3.00508
2.04000E+00	2.95808
2.04328E+00	2.94902
2.04437E+00	2.94609
2.04718E+00	2.93891
2.05000E+00	2.93214
2.05499E+00	2.92708
2.06000E+00	2.925
2.06984E+00	2.92604
2.07000E+00	2.92611
2.07875E+00	2.93874
2.08000E+00	2.94059
2.08499E+00	2.94867
2.09000E+00	2.957
2.09063E+00	2.95772
2.10000E+00	2.99795
2.10199E+00	2.99859
2.10984E+00	3.00109
2.11000E+00	3.00112
2.11875E+00	3.00274
2.12000E+00	3.00304
2.12750E+00	3.00644
2.13000E+00	3.00767
2.14000E+00	3.00904
2.15000E+00	3.01103
2.15499E+00	3.01077
2.16000E+00	3.01095
2.16437E+00	3.01322
2.17000E+00	3.01702
2.17500E+00	3.0187
2.18000E+00	3.02083
2.19000E+00	3.02652
2.20000E+00	3.02802
2.20437E+00	3.02748
2.20817E+00	3.0275
2.20906E+00	3.0275
2.21000E+00	3.02758
2.22000E+00	3.03602
2.22289E+00	3.03605
2.22578E+00	3.03639
2.22930E+00	3.03731
2.23000E+00	3.03756
2.23250E+00	3.03986
2.23437E+00	3.04191
2.23500E+00	3.04273
2.23718E+00	3.04404
2.24000E+00	3.04643
2.24437E+00	3.0462
2.25000E+00	3.04703
2.25984E+00	3.05
2.26000E+00	3.05
2.26875E+00	3.05018
2.27000E+00	3.05029
2.27250E+00	3.05101
2.27875E+00	3.04846
2.28000E+00	3.04802
2.29000E+00	3.04334
2.29500E+00	3.04046
2.30000E+00	3.0356
2.30499E+00	3.0262
2.31000E+00	3.01714
2.31499E+00	3.0087
2.32000E+00	3.00057
2.32790E+00	2.99685
2.32990E+00	2.99591
2.32998E+00	2.99593
2.33000E+00	2.996
2.33016E+00	2.99537
2.33121E+00	2.99217
2.33231E+00	2.98933
2.33327E+00	2.98726
2.33450E+00	2.98524
2.33519E+00	2.98444
2.33639E+00	2.98366
2.33763E+00	2.98372
2.33848E+00	2.98432
2.34000E+00	2.98654
2.34179E+00	2.98359
2.34330E+00	2.98179
2.34497E+00	2.98065
2.34677E+00	2.98051
2.34838E+00	2.98142
2.35000E+00	2.98295
2.35247E+00	2.97949
2.35330E+00	2.97864
2.35497E+00	2.97795
2.35677E+00	2.97837
2.35838E+00	2.97971
2.36000E+00	2.98199
2.36875E+00	2.9854
2.37000E+00	2.98602
2.38000E+00	2.99611
2.38499E+00	3.02266
2.39000E+00	3.05015
2.39499E+00	3.10841
2.40000E+00	3.1674
2.40875E+00	3.27445
2.41000E+00	3.28985
2.42000E+00	3.3418
2.43000E+00	3.29999
2.44000E+00	3.24991
2.44119E+00	3.24452
2.44499E+00	3.22732
2.44500E+00	3.2273
2.45000E+00	3.20201
2.46000E+00	3.156
2.46007E+00	3.15592
2.46499E+00	3.14539
2.47000E+00	3.13518
2.48000E+00	3.19199
2.48254E+00	3.2056
2.48507E+00	3.21997
2.48683E+00	3.23038
2.49000E+00	3.25
2.50000E+00	3.31499
2.51000E+00	3.37489
2.52000E+00	3.38578
2.53000E+00	3.30003
2.53875E+00	3.23879
2.54000E+00	3.23009
2.54875E+00	3.20637
2.55000E+00	3.20304
2.55984E+00	3.19711
2.56000E+00	3.19713
2.56094E+00	3.19794
2.57000E+00	3.20702
2.58000E+00	3.22931
2.59000E+00	3.24918
2.59120E+00	3.25143
2.60000E+00	3.27009
2.61000E+00	3.27872
2.62000E+00	3.27802
2.62007E+00	3.27801
2.62250E+00	3.28041
2.62500E+00	3.27836
2.63000E+00	3.27469
2.63500E+00	3.27152
2.64000E+00	3.26476
2.65000E+00	3.246
2.66000E+00	3.22027
2.67000E+00	3.20334
2.68000E+00	3.18838
2.69000E+00	3.18137
2.70000E+00	3.177
2.71000E+00	3.17917
2.72000E+00	3.1803
2.72818E+00	3.18286
2.73000E+00	3.18343
2.73500E+00	3.18544
2.74000E+00	3.18862
2.75000E+00	3.19708
2.76000E+00	3.20864
2.77000E+00	3.22509
2.78000E+00	3.24454
2.79000E+00	3.26195
2.79750E+00	3.28136
2.80000E+00	3.28804
2.81000E+00	3.34008
2.82000E+00	3.37121
2.83000E+00	3.38376
2.84000E+00	3.32945
2.85000E+00	3.30397
2.86000E+00	3.29491
2.86500E+00	3.29766
2.87000E+00	3.30059
2.87875E+00	3.33006
2.88000E+00	3.33439
2.88967E+00	3.37374
2.89000E+00	3.37522
2.89220E+00	3.38525
2.90000E+00	3.42073
2.91000E+00	3.36521
2.91984E+00	3.28688
2.92000E+00	3.28576
2.92203E+00	3.27657
2.92750E+00	3.25217
2.93000E+00	3.24122
2.93750E+00	3.25953
2.94000E+00	3.26574
2.94250E+00	3.27039
2.95000E+00	3.29761
2.95500E+00	3.31121
2.96000E+00	3.32873
2.97000E+00	3.36479
2.97406E+00	3.37173
2.97906E+00	3.38131
2.98000E+00	3.38319
2.99000E+00	3.39059
2.99433E+00	3.38916
2.99578E+00	3.38898
2.99930E+00	3.38952
3.00000E+00	3.38982
3.00000E+00	3.39012
3.04788E+00	3.40305
3.05000E+00	3.40362
3.06558E+00	3.42015
3.08115E+00	3.43724
3.09893E+00	3.45772
3.10000E+00	3.45912
3.15000E+00	3.49991
3.17490E+00	3.51576
3.19809E+00	3.53074
3.20000E+00	3.53197
3.23743E+00	3.59201
3.25000E+00	3.61224
3.28745E+00	3.6793
3.30000E+00	3.70177
3.35000E+00	3.51739
3.39186E+00	3.43334
3.40000E+00	3.417
3.45000E+00	3.41087
3.50000E+00	3.45205
3.55000E+00	3.5011
3.57102E+00	3.49225
3.60000E+00	3.48004
3.65000E+00	3.467
3.69600E+00	3.48082
3.70000E+00	3.48329
3.73552E+00	3.49197
3.75000E+00	3.4955
3.80000E+00	3.49203
3.85000E+00	3.47973
3.90000E+00	3.46803
3.95000E+00	3.46372
3.95780E+00	3.46041
3.97906E+00	3.45138
4.00000E+00	3.4501
4.03651E+00	3.43662
4.04969E+00	3.43457
4.10000E+00	3.42703
4.20000E+00	3.40337
4.20398E+00	3.40212
4.22833E+00	3.39447
4.30000E+00	3.37805
4.40000E+00	3.35523
4.41634E+00	3.35078
4.50000E+00	3.32801
4.60000E+00	3.30471
4.65580E+00	3.2902
4.70000E+00	3.2787
4.80000E+00	3.25093
4.82000E+00	3.24307
4.88238E+00	3.22578
4.90000E+00	3.2209
4.95000E+00	3.20489
5.00000E+00	3.18681
5.10000E+00	3.16574
5.12000E+00	3.16158
5.17096E+00	3.15097
5.20000E+00	3.14475
5.30000E+00	3.11739
5.40000E+00	3.08768
5.41620E+00	3.08158
5.45637E+00	3.06874
5.50000E+00	3.05481
5.50900E+00	3.05162
5.60000E+00	3.02873
5.70000E+00	3.01597
5.76497E+00	3.00541
5.78441E+00	3.00348
5.80000E+00	3.00192
5.88183E+00	2.98679
5.88807E+00	2.98565
5.90000E+00	2.98434
6.00000E+00	2.97185
6.09577E+00	2.95726
6.10000E+00	2.95661
6.12000E+00	2.95313
6.20000E+00	2.94132
6.27787E+00	2.92686
6.30000E+00	2.92313
6.37020E+00	2.91011
6.39618E+00	2.90756
6.40000E+00	2.90718
6.49029E+00	2.89236
6.50000E+00	2.8906
6.51380E+00	2.88775
6.60000E+00	2.87298
6.66767E+00	2.86122
6.70000E+00	2.85581
6.78372E+00	2.8411
6.80000E+00	2.83824
6.80000E+00	2.83824
6.99187E+00	2.80608
7.14203E+00	2.781
7.20000E+00	2.77131
7.30158E+00	2.75324
7.47105E+00	2.72514
7.60000E+00	2.70376
7.60514E+00	2.70299
7.80000E+00	2.67323
7.91559E+00	2.65622
8.00000E+00	2.64379
8.20000E+00	2.61214
8.40000E+00	2.57948
8.40795E+00	2.57827
8.49941E+00	2.56434
8.60000E+00	2.54796
8.80000E+00	2.52005
8.83269E+00	2.5151
9.00000E+00	2.48972
9.20000E+00	2.46096
9.29946E+00	2.44953
9.31159E+00	2.44804
9.40000E+00	2.43715
9.60000E+00	2.41356
9.73544E+00	2.39745
9.76477E+00	2.39429
9.80000E+00	2.39049
9.89950E+00	2.38116
1.00000E+01	2.37157
1.02400E+01	2.34785
1.05000E+01	2.32215
1.05361E+01	2.31859
1.06481E+01	2.30788
1.08890E+01	2.28472
1.10000E+01	2.27405
1.15000E+01	2.23116
1.15206E+01	2.22942
1.16622E+01	2.21747
1.20000E+01	2.18745
1.21190E+01	2.178
1.24202E+01	2.15408
1.25000E+01	2.14757
1.26764E+01	2.13547
1.26953E+01	2.13415
1.30000E+01	2.11292
1.31834E+01	2.10011
1.34082E+01	2.08421
1.34374E+01	2.08217
1.35000E+01	2.07781
1.40000E+01	2.04725
1.41223E+01	2.04021
1.41975E+01	2.03588
1.45000E+01	2.01803
1.50000E+01	1.99567
1.50526E+01	1.9933
1.50832E+01	1.99192
1.52116E+01	1.98616
1.53735E+01	1.97869
1.55000E+01	1.97297
1.57187E+01	1.9637
1.58170E+01	1.95993
1.58735E+01	1.95777
1.60000E+01	1.953
1.65000E+01	1.94103
1.65973E+01	1.93983
1.69368E+01	1.93566
1.70000E+01	1.93493
1.75000E+01	1.93303
1.76961E+01	1.9326
1.78737E+01	1.93221
1.80000E+01	1.93208
1.82483E+01	1.93354
1.84369E+01	1.93481
1.84868E+01	1.93515
1.85000E+01	1.93524
1.87483E+01	1.93782
1.89369E+01	1.93988
1.90000E+01	1.94069
1.92484E+01	1.94289
1.93738E+01	1.94436
1.95000E+01	1.94593
1.96242E+01	1.94778
1.97412E+01	1.94941
1.97484E+01	1.94951
2.00000E+01	1.95403