E(MeV)	pendfb7/Kr85:1
1.00000E-11	123.667628
1.02999E-11	121.866501
1.06087E-11	120.093122
1.06237E-11	120.009526
1.09269E-11	118.344503
1.09422E-11	118.262963
1.12544E-11	116.622878
1.12704E-11	116.541326
1.15920E-11	114.925499
1.16082E-11	114.846507
1.19395E-11	113.254293
1.19564E-11	113.175475
1.22976E-11	111.606818
1.23148E-11	111.530077
1.26662E-11	109.984717
1.26842E-11	109.907914
1.30462E-11	108.385326
1.30644E-11	108.311032
1.34372E-11	106.811043
1.34563E-11	106.736477
1.38403E-11	105.258795
1.38597E-11	105.186353
1.42552E-11	103.730519
1.42754E-11	103.658354
1.46827E-11	102.224126
1.47033E-11	102.153745
1.51229E-11	100.74063
1.51443E-11	100.670686
1.55765E-11	99.2783146
1.55983E-11	99.2101713
1.60434E-11	97.8386812
1.60661E-11	97.7708046
1.65246E-11	96.419409
1.65477E-11	96.3533404
1.70199E-11	95.0221432
1.70441E-11	94.9559487
1.75304E-11	93.6447633
1.75550E-11	93.580397
1.80559E-11	92.2884797
1.80815E-11	92.2244155
1.85975E-11	90.9515507
1.86235E-11	90.8893153
1.91550E-11	89.6353234
1.91821E-11	89.57328
1.97295E-11	88.3379528
1.97572E-11	88.2772949
2.03209E-11	87.0604684
2.03498E-11	86.9999409
2.09305E-11	85.8011677
2.09598E-11	85.7424769
2.15579E-11	84.5614915
2.15884E-11	84.5030514
2.22045E-11	83.3394645
2.22356E-11	83.2824752
2.28701E-11	82.1363631
2.29025E-11	82.079575
2.35561E-11	80.9503563
2.35890E-11	80.895206
2.42622E-11	79.7828853
2.42966E-11	79.7277333
2.49899E-11	78.6320546
2.50249E-11	78.5783863
2.57390E-11	77.4990376
2.57755E-11	77.4455094
2.65110E-11	76.3823081
2.65482E-11	76.3301315
2.73057E-11	75.2827977
2.73444E-11	75.2308844
2.81247E-11	74.1991287
2.81641E-11	74.1485803
2.89678E-11	73.1322159
2.90089E-11	73.0817888
2.98367E-11	72.0806397
2.98785E-11	72.031592
3.07311E-11	71.0454198
3.07746E-11	70.9966013
3.16528E-11	70.025131
3.16972E-11	69.977481
3.26017E-11	69.020604
3.26479E-11	68.9731824
3.35795E-11	68.0306053
3.36265E-11	67.9844701
3.45861E-11	67.0560017
3.46352E-11	67.0099117
3.56235E-11	66.0954379
3.56734E-11	66.0506411
3.66913E-11	65.1498728
3.67434E-11	65.1051464
3.77919E-11	64.2178973
3.78448E-11	64.1744669
3.89247E-11	63.3005334
3.89799E-11	63.2571972
4.00923E-11	62.3963475
4.01484E-11	62.3542304
4.12941E-11	61.5063696
4.13526E-11	61.4643694
4.25327E-11	60.6292071
4.25922E-11	60.5883579
4.38076E-11	59.7658476
4.38697E-11	59.7250796
4.51216E-11	58.9149503
4.51848E-11	58.8752764
4.64742E-11	58.0773929
4.65401E-11	58.0378331
4.78681E-11	57.252809
4.81383E-11	57.0978735
4.93030E-11	56.440852
4.97915E-11	56.1735714
5.07818E-11	55.6404808
5.15014E-11	55.264779
5.23041E-11	54.8524266
5.32700E-11	54.3712142
5.38729E-11	54.0756547
5.50994E-11	53.492594
5.54878E-11	53.3108952
5.69916E-11	52.6287524
5.71521E-11	52.5571019
5.88653E-11	51.8155547
5.89488E-11	51.780498
6.06310E-11	51.085735
6.09732E-11	50.9486541
6.24484E-11	50.3672814
6.30671E-11	50.1308161
6.43215E-11	49.6591196
6.52329E-11	49.3267621
6.62496E-11	48.9619571
6.74731E-11	48.5362773
6.82368E-11	48.2748171
6.97903E-11	47.7591231
7.02822E-11	47.5984312
7.21870E-11	46.995161
7.23903E-11	46.9317931
7.45603E-11	46.2760887
7.46660E-11	46.2451125
7.67967E-11	45.6308405
7.72301E-11	45.5096726
7.90987E-11	44.9957079
7.98824E-11	44.7866891
8.14712E-11	44.3697662
8.26256E-11	44.076044
8.39134E-11	43.7536304
8.54631E-11	43.3774847
8.64304E-11	43.1464448
8.83981E-11	42.6908265
8.90212E-11	42.5488388
9.14338E-11	42.0159285
9.16913E-11	41.9599489
9.44399E-11	41.3807865
9.45738E-11	41.3534281
9.72725E-11	40.8109714
9.78216E-11	40.7039481
1.00188E-10	40.2501625
1.01181E-10	40.0655883
1.03193E-10	39.6976136
1.04656E-10	39.4382218
1.06287E-10	39.1536651
1.08250E-10	38.8216715
1.09475E-10	38.617787
1.11967E-10	38.2157737
1.12756E-10	38.0905048
1.15812E-10	37.620376
1.16139E-10	37.5708632
1.19620E-10	37.0600707
1.19790E-10	37.0358868
1.23208E-10	36.5575041
1.23903E-10	36.463215
1.26901E-10	36.0630222
1.28158E-10	35.9003949
1.30707E-10	35.5758878
1.32559E-10	35.3474036
1.34626E-10	35.0964538
1.37112E-10	34.8039223
1.38664E-10	34.6241874
1.41820E-10	34.2700647
1.42820E-10	34.1596258
1.46691E-10	33.7454396
1.47104E-10	33.7019421
1.51513E-10	33.2520413
1.51728E-10	33.2307823
1.56058E-10	32.8095194
1.56939E-10	32.7264523
1.60736E-10	32.3741687
1.62328E-10	32.2310505
1.65557E-10	31.9453858
1.67903E-10	31.7443008
1.70520E-10	31.5235356
1.73669E-10	31.2661903
1.75635E-10	31.1080504
1.79633E-10	30.7965232
1.80899E-10	30.6994184
1.85802E-10	30.3352189
1.86325E-10	30.2969742
1.91911E-10	29.9013719
1.92183E-10	29.8827079
1.97667E-10	29.5124136
1.98783E-10	29.4394153
2.03592E-10	29.1298457
2.05609E-10	29.0040876
2.09699E-10	28.7531016
2.12670E-10	28.5765238
2.15985E-10	28.3827766
2.20902E-10	28.1044781
2.22463E-10	28.0176665
2.29132E-10	27.6585991
2.29457E-10	27.6416495
2.36004E-10	27.3062787
2.38338E-10	27.1905025
2.43079E-10	26.9594703
2.47568E-10	26.7476635
2.50370E-10	26.6177555
2.57151E-10	26.3134216
2.57875E-10	26.2814865
2.65610E-10	25.9512603
2.67109E-10	25.8892985
2.73572E-10	25.6268395
2.77448E-10	25.4744553
2.81777E-10	25.3072146
2.88192E-10	25.0673547
2.90224E-10	24.9926805
2.98929E-10	24.6831052
2.99348E-10	24.6686806
3.07890E-10	24.3797497
3.10940E-10	24.2798922
3.17125E-10	24.080897
3.22976E-10	23.898736
3.26631E-10	23.7868833
3.35483E-10	23.5247795
3.36428E-10	23.4972702
3.46513E-10	23.2132964
3.48469E-10	23.1599961
3.56906E-10	22.934037
3.61963E-10	22.8030082
3.67605E-10	22.6593022
3.75974E-10	22.4530978
3.78631E-10	22.3887266
3.89981E-10	22.1228017
3.90534E-10	22.110266
4.01678E-10	21.8619564
4.05650E-10	21.7763523
4.13719E-10	21.6055335
4.23138E-10	21.4126944
4.26128E-10	21.352599
4.38901E-10	21.1043978
4.41379E-10	21.0578302
4.52066E-10	20.8607239
4.60407E-10	20.711973
4.65617E-10	20.6207487
4.79583E-10	20.3843748
4.80255E-10	20.3733765
4.93959E-10	20.1532202
5.00958E-10	20.0445233
5.08775E-10	19.9253133
5.22554E-10	19.7222251
5.24026E-10	19.7009127
5.39744E-10	19.4810323
5.45082E-10	19.4088546
5.55923E-10	19.2648862
5.68580E-10	19.1024748
5.72598E-10	19.0518616
5.89762E-10	18.842998
5.95605E-10	18.7742919
6.07452E-10	18.6376785
6.23904E-10	18.4544111
6.25661E-10	18.4352061
6.44427E-10	18.2371175
6.53558E-10	18.1440078
6.63744E-10	18.0420992
6.83653E-10	17.8497545
6.84610E-10	17.8408226
7.04146E-10	17.6619443
7.17151E-10	17.5469537
7.25267E-10	17.4765102
7.47007E-10	17.294343
7.51224E-10	17.2602204
7.69413E-10	17.1157546
7.86930E-10	16.9814392
7.92477E-10	16.9396992
8.16247E-10	16.767093
8.27813E-10	16.6860154
8.40715E-10	16.5973274
8.65932E-10	16.430059
8.70820E-10	16.3987617
8.91889E-10	16.2664661
9.16061E-10	16.120013
9.18641E-10	16.1046716
9.46178E-10	15.9467325
9.63652E-10	15.8500334
9.74558E-10	15.7908399
1.00377E-09	15.6379164
1.01799E-09	15.5660885
1.03388E-09	15.4874527
1.06487E-09	15.3395036
1.07542E-09	15.2909254
1.09681E-09	15.1943413
1.12969E-09	15.0512059
1.13607E-09	15.0244329
1.16357E-09	14.9112309
1.19845E-09	14.7728524
1.20522E-09	14.7469704
1.23440E-09	14.6375903
1.27140E-09	14.5039026
1.27858E-09	14.4789051
1.30954E-09	14.3732034
1.34879E-09	14.244042
1.35641E-09	14.2198912
1.38925E-09	14.1178142
1.43089E-09	13.9930965
1.44507E-09	13.9521817
1.47381E-09	13.8708959
1.51799E-09	13.7505395
1.53950E-09	13.6940777
1.56352E-09	13.6322935
1.61039E-09	13.5162037
1.64705E-09	13.4287196
1.65869E-09	13.401507
1.70841E-09	13.289576
1.75966E-09	13.1784787
1.76212E-09	13.1733325
1.81240E-09	13.0704906
1.86677E-09	12.9634417
1.89322E-09	12.9132799
1.92272E-09	12.858467
1.98039E-09	12.7553496
2.03403E-09	12.6630207
2.03976E-09	12.6533565
2.10094E-09	12.5540482
2.16392E-09	12.4556608
2.19458E-09	12.409547
2.22882E-09	12.3590939
2.29563E-09	12.2643847
2.36449E-09	12.1704501
2.36780E-09	12.1661022
2.43537E-09	12.0791973
2.50842E-09	11.988811
2.56552E-09	11.9208152
2.58361E-09	11.8997203
2.66110E-09	11.8127915
2.74087E-09	11.7267215
2.79149E-09	11.6741753
2.82308E-09	11.6420583
2.90771E-09	11.5593417
2.99492E-09	11.4773577
3.05018E-09	11.4273941
3.08470E-09	11.3968329
3.17722E-09	11.3180893
3.27246E-09	11.2401549
3.34696E-09	11.1815256
3.37062E-09	11.1633007
3.47166E-09	11.0884803
3.57579E-09	11.0143573
3.68297E-09	10.9410001
3.68820E-09	10.9375633
3.79344E-09	10.8697859
3.90715E-09	10.7994127
4.02435E-09	10.7297021
4.08137E-09	10.6970935
4.14498E-09	10.661483
4.26931E-09	10.5946178
4.39728E-09	10.5284814
4.52918E-09	10.4629756
4.53552E-09	10.4599479
4.66494E-09	10.3994732
4.80487E-09	10.3366711
4.94890E-09	10.2745629
5.06157E-09	10.2278778
5.09734E-09	10.2133642
5.25013E-09	10.1538309
5.40761E-09	10.094905
5.56971E-09	10.0366416
5.69651E-09	9.99285481
5.73677E-09	9.9792475
5.90873E-09	9.92344434
6.08596E-09	9.86822337
6.26840E-09	9.81363612
6.45641E-09	9.75960172
6.46545E-09	9.75710598
6.64995E-09	9.7072888
6.84941E-09	9.65558997
7.05473E-09	9.6044992
7.26633E-09	9.5539408
7.40039E-09	9.52317937
7.48415E-09	9.50437448
7.70863E-09	9.45600703
7.93970E-09	9.40822354
8.17785E-09	9.36095357
8.42299E-09	9.31424116
8.54234E-09	9.29240507
8.67563E-09	9.26854717
8.93569E-09	9.22388836
9.20371E-09	9.17972556
9.47961E-09	9.13610012
9.76394E-09	9.09294795
9.98623E-09	9.06056431
1.00566E-08	9.05053142
1.03583E-08	9.00929497
1.06688E-08	8.96857656
1.09888E-08	8.92831639
1.13182E-08	8.88855241
1.16577E-08	8.84922609
1.18228E-08	8.83086123
1.20071E-08	8.81082163
1.23672E-08	8.77326124
1.27380E-08	8.73617965
1.31200E-08	8.69952256
1.35133E-08	8.66332453
1.39186E-08	8.62753258
1.41754E-08	8.60577378
1.43359E-08	8.59247641
1.47659E-08	8.55830547
1.52085E-08	8.52457856
1.56647E-08	8.49124661
1.61342E-08	8.45834143
1.66182E-08	8.425815
1.71163E-08	8.39369835
1.73588E-08	8.37869775
1.76297E-08	8.36231499
1.81582E-08	8.33167706
1.87028E-08	8.30140832
1.92635E-08	8.27153799
1.98412E-08	8.24202575
2.04360E-08	8.21289375
2.10490E-08	8.18410256
2.16799E-08	8.15567955
2.17107E-08	8.15435125
2.23302E-08	8.12808067
2.29996E-08	8.10087508
2.36894E-08	8.07399851
2.43996E-08	8.04747656
2.52333E-08	8.01773798
2.52687E-08	8.01648274
2.53000E-08	8.01540395
2.60589E-08	7.99006515
2.68400E-08	7.96507237
2.76450E-08	7.94038926
2.84737E-08	7.91603938
2.93278E-08	7.8919873
3.02069E-08	7.86825606
3.11130E-08	7.84481118
3.20456E-08	7.82167516
3.30068E-08	7.79881445
3.32866E-08	7.79243367
3.39962E-08	7.77661554
3.50159E-08	7.75484046
3.60655E-08	7.73336668
3.71473E-08	7.71216332
3.82608E-08	7.69125094
3.94084E-08	7.67059939
4.05898E-08	7.65022867
4.18072E-08	7.63010938
4.30604E-08	7.61026096
4.43520E-08	7.59065474
4.56815E-08	7.5713097
4.70517E-08	7.55263427
4.84621E-08	7.53422316
4.99157E-08	7.51604978
5.14120E-08	7.49813158
5.29541E-08	7.48044234
5.45414E-08	7.46299874
5.61773E-08	7.44577516
5.78613E-08	7.42878789
5.95968E-08	7.41201216
6.13833E-08	7.3954642
6.32245E-08	7.37912023
6.51197E-08	7.36299626
6.65091E-08	7.35166653
6.70729E-08	7.34717145
6.90835E-08	7.33182152
7.11556E-08	7.31667254
7.32886E-08	7.30173938
7.54868E-08	7.28700062
7.77496E-08	7.27247061
8.00817E-08	7.25812843
8.24822E-08	7.24398801
8.49562E-08	7.23002899
8.75029E-08	7.21626493
9.01274E-08	7.20267602
9.28291E-08	7.18927554
9.56135E-08	7.17604435
9.84796E-08	7.16299554
1.01433E-07	7.15011054
1.04474E-07	7.13740192
1.05806E-07	7.1320662
1.07608E-07	7.12501436
1.10833E-07	7.11292512
1.14158E-07	7.10099518
1.17580E-07	7.08923547
1.21106E-07	7.07762881
1.24737E-07	7.06618675
1.28478E-07	7.05489333
1.32329E-07	7.04376006
1.36298E-07	7.03277125
1.40384E-07	7.02193779
1.44595E-07	7.01124414
1.48929E-07	7.00070072
1.53396E-07	6.99029236
1.57995E-07	6.98002916
1.62733E-07	6.96989634
1.67612E-07	6.95990372
1.72639E-07	6.95003688
1.77814E-07	6.9403054
1.83147E-07	6.93069523
1.88637E-07	6.92121577
1.94296E-07	6.91185358
2.00120E-07	6.90283103
2.06122E-07	6.89392912
2.12301E-07	6.88515669
2.18669E-07	6.87650013
2.25224E-07	6.86796616
2.31979E-07	6.85954142
2.38933E-07	6.85123434
2.46100E-07	6.84303395
2.53477E-07	6.83494899
2.61080E-07	6.8269682
2.68906E-07	6.81909945
2.76971E-07	6.81133146
2.85274E-07	6.80367179
2.93830E-07	6.79610944
3.02638E-07	6.78865176
3.11716E-07	6.78128802
3.21060E-07	6.77402539
3.30690E-07	6.76685342
3.40603E-07	6.75977906
3.50819E-07	6.75279212
3.61335E-07	6.74589939
3.72173E-07	6.73909092
3.83329E-07	6.73237332
3.94827E-07	6.72573696
4.06662E-07	6.71918867
4.18860E-07	6.71272012
4.31416E-07	6.70633845
4.44356E-07	6.70003261
4.57676E-07	6.69380556
4.65468E-07	6.69031028
4.71403E-07	6.68770739
4.85534E-07	6.68176826
5.00097E-07	6.6759026
5.15088E-07	6.67011635
5.30538E-07	6.66440121
5.46442E-07	6.65876274
5.62832E-07	6.65319284
5.79703E-07	6.64769694
5.97091E-07	6.64226711
6.14990E-07	6.63690865
6.33436E-07	6.63161383
6.52424E-07	6.6263878
6.71993E-07	6.62122303
6.92136E-07	6.61612452
7.12897E-07	6.61108493
7.34266E-07	6.60610914
7.56290E-07	6.60118996
7.78961E-07	6.59633216
8.02325E-07	6.59152872
8.26376E-07	6.58678427
8.51163E-07	6.5820921
8.76677E-07	6.57745791
9.02972E-07	6.57287693
9.30040E-07	6.5683499
9.57936E-07	6.56386696
9.86651E-07	6.55943484
1.01196E-06	6.55567319
1.04051E-06	6.55158007
1.06987E-06	6.54752814
1.10006E-06	6.54351652
1.13110E-06	6.53954431
1.16301E-06	6.53561063
1.19583E-06	6.53171459
1.22957E-06	6.52785533
1.26427E-06	6.52403197
1.29994E-06	6.52024365
1.33662E-06	6.51648951
1.37433E-06	6.51276867
1.41311E-06	6.50908032
1.45298E-06	6.50542435
1.49398E-06	6.50180402
1.53614E-06	6.49821429
1.57948E-06	6.49464758
1.62405E-06	6.49110789
1.66987E-06	6.48759564
1.74122E-06	6.48236484
1.81525E-06	6.4772151
1.86647E-06	6.47383395
1.89281E-06	6.47217283
1.97329E-06	6.46736413
2.05760E-06	6.46259174
2.14509E-06	6.45789744
2.23673E-06	6.45323518
2.33184E-06	6.448646
2.43146E-06	6.44409875
2.53485E-06	6.43960566
2.64315E-06	6.43513332
2.75554E-06	6.43072376
2.87326E-06	6.42633351
2.99543E-06	6.42200082
3.12341E-06	6.41768297
3.25622E-06	6.41341724
3.39533E-06	6.40916139
3.53971E-06	6.40495289
3.69093E-06	6.40075064
3.84787E-06	6.39659017
4.01227E-06	6.39243098
4.36158E-06	6.38419658
4.61119E-06	6.37872794
4.87508E-06	6.37327612
5.08237E-06	6.36919991
5.37323E-06	6.36375963
5.68074E-06	6.35831362
6.00584E-06	6.35286691
6.34955E-06	6.34739973
6.71293E-06	6.34191524
7.19724E-06	6.33502011
7.71499E-06	6.32805823
8.27158E-06	6.32101213
8.74496E-06	6.31531198
9.24542E-06	6.30954308
9.77453E-06	6.30369262
1.04777E-05	6.29625273
1.06255E-05	6.29475809
1.10773E-05	6.29143494
1.17113E-05	6.28699513
1.23815E-05	6.28253206
1.30901E-05	6.27803255
1.38392E-05	6.27351153
1.46312E-05	6.2689108
1.54685E-05	6.26425829
1.63538E-05	6.25954133
1.72897E-05	6.25474794
1.82792E-05	6.24986904
1.93253E-05	6.24489342
2.01509E-05	6.24107545
2.10078E-05	6.23720962
2.19053E-05	6.23325468
2.28367E-05	6.2292411
2.38123E-05	6.22512566
2.48249E-05	6.22093964
2.58855E-05	6.21663682
2.69861E-05	6.21224947
2.81391E-05	6.20773173
2.93356E-05	6.2031222
3.05889E-05	6.19836371
3.10144E-05	6.1967708
3.18895E-05	6.19506985
3.32519E-05	6.1924911
3.46658E-05	6.18987832
3.61469E-05	6.18720445
3.76839E-05	6.18449074
3.98405E-05	6.18077175
4.15426E-05	6.17790126
4.33090E-05	6.17497391
4.51593E-05	6.17195698
4.70795E-05	6.16887344
4.90909E-05	6.1656898
5.11783E-05	6.16242996
5.25763E-05	6.16026639
5.48225E-05	6.15682623
5.79600E-05	6.15207724
6.04245E-05	6.14839014
6.30060E-05	6.14455994
6.56851E-05	6.14061668
6.84914E-05	6.13651621
7.04239E-05	6.13371119
7.14037E-05	6.1331165
7.54900E-05	6.13067681
7.86890E-05	6.1287956
8.15700E-05	6.12711934
8.42882E-05	6.12555277
8.70063E-05	6.12399765
9.07235E-05	6.12188885
9.42547E-05	6.11990162
9.82816E-05	6.11765253
1.01503E-04	6.11586393
1.05840E-04	6.11347088
1.08826E-04	6.11183017
1.12376E-04	6.10988816
1.15547E-04	6.10815989
1.20483E-04	6.10547935
1.24250E-04	6.10344142
1.29558E-04	6.1005799
1.36973E-04	6.09659842
1.44812E-04	6.09240687
1.53125E-04	6.08797804
1.61375E-04	6.08359713
1.69625E-04	6.07922862
1.77875E-04	6.0748715
1.86125E-04	6.07052548
1.90250E-04	6.06835674
1.97469E-04	6.0645688
2.01800E-04	6.0623012
2.05100E-04	6.06057637
2.11700E-04	6.05713553
2.16048E-04	6.05487672
2.19191E-04	6.05324852
2.22619E-04	6.05147867
2.27090E-04	6.04918089
2.29784E-04	6.04780394
2.32061E-04	6.04664571
2.34140E-04	6.04559342
2.36120E-04	6.04459685
2.38100E-04	6.04360666
2.39932E-04	6.04269733
2.41763E-04	6.04179599
2.43322E-04	6.04103563
2.44882E-04	6.04028337
2.46441E-04	6.03954017
2.47610E-04	6.03898981
2.48825E-04	6.03842599
2.50063E-04	6.0378608
2.51300E-04	6.03730607
2.52538E-04	6.03676422
2.53775E-04	6.03623743
2.54600E-04	6.03589739
2.54963E-04	6.03514327
2.56052E-04	6.03289834
2.56778E-04	6.03141259
2.57504E-04	6.02993664
2.58296E-04	6.02833916
2.59088E-04	6.02675679
2.59880E-04	6.02519167
2.60672E-04	6.02364633
2.61382E-04	6.02228241
2.62091E-04	6.02094066
2.62801E-04	6.01962353
2.63333E-04	6.01865452
2.63881E-04	6.01767469
2.64438E-04	6.01670217
2.64995E-04	6.01575652
2.65552E-04	6.01484144
2.66109E-04	6.01396116
2.66666E-04	6.01312116
2.67223E-04	6.01232811
2.67594E-04	6.01182941
2.67965E-04	6.01135796
2.68336E-04	6.00923411
2.68708E-04	6.00714452
2.69079E-04	6.00509354
2.69450E-04	6.00308625
2.69883E-04	6.00080756
2.70316E-04	5.99860744
2.70605E-04	5.99719076
2.70894E-04	5.99581969
2.71183E-04	5.99450002
2.71471E-04	5.99323826
2.71760E-04	5.99204172
2.72100E-04	5.99072675
2.72441E-04	5.98953047
2.72668E-04	5.98880865
2.72894E-04	5.98815569
2.73121E-04	5.98757999
2.73163E-04	5.9874911
2.73348E-04	5.98532684
2.73575E-04	5.98277932
2.73853E-04	5.97980503
2.74039E-04	5.97792804
2.74225E-04	5.97614689
2.74410E-04	5.97447276
2.74596E-04	5.97291847
2.74782E-04	5.97149888
2.74967E-04	5.9702312
2.75132E-04	5.96924807
2.75349E-04	5.96819162
2.75493E-04	5.96765439
2.75638E-04	5.9672683
2.75720E-04	5.96714396
2.75782E-04	5.96589114
2.75926E-04	5.96315629
2.76071E-04	5.96063286
2.76215E-04	5.9583476
2.76385E-04	5.95600299
2.76555E-04	5.95409457
2.76669E-04	5.95310101
2.76782E-04	5.95236054
2.76896E-04	5.95190325
2.77009E-04	5.95176379
2.77123E-04	5.95198224
2.77262E-04	5.95280872
2.77355E-04	5.95374851
2.77370E-04	5.95396385
2.77447E-04	5.95259057
2.77540E-04	5.95133636
2.77633E-04	5.95052369
2.77726E-04	5.95020798
2.77819E-04	5.95045385
2.77906E-04	5.95126986
2.77989E-04	5.95262404
2.78071E-04	5.95462105
2.78154E-04	5.95734651
2.78195E-04	5.95912395
2.78236E-04	5.95886591
2.78319E-04	5.95929927
2.78401E-04	5.96082579
2.78484E-04	5.96361929
2.78556E-04	5.96726886
2.78618E-04	5.97142863
2.78680E-04	5.97667822
2.78742E-04	5.98317492
2.78803E-04	5.99110966
2.78855E-04	5.99911624
2.78865E-04	5.99995638
2.78927E-04	6.00696498
2.78974E-04	6.01373542
2.79020E-04	6.02202109
2.79066E-04	6.03206719
2.79113E-04	6.04417829
2.79159E-04	6.05873788
2.79194E-04	6.07155199
2.79206E-04	6.07645641
2.79229E-04	6.08398999
2.79264E-04	6.0974933
2.79298E-04	6.11356453
2.79333E-04	6.13264439
2.79368E-04	6.15526122
2.79402E-04	6.18097774
2.79433E-04	6.20873567
2.79463E-04	6.24099983
2.79494E-04	6.27850477
2.79515E-04	6.30683878
2.79536E-04	6.33530825
2.79556E-04	6.36708978
2.79577E-04	6.40253134
2.79598E-04	6.44201457
2.79618E-04	6.48595698
2.79639E-04	6.53481413
2.79659E-04	6.58908176
2.79680E-04	6.64929772
2.79701E-04	6.7160438
2.79721E-04	6.78994728
2.79745E-04	6.88575415
2.79769E-04	6.99328686
2.79793E-04	7.11377353
2.79817E-04	7.24852407
2.79841E-04	7.39894483
2.79865E-04	7.56652726
2.79889E-04	7.75282679
2.79913E-04	7.95946524
2.79937E-04	8.18815038
2.79961E-04	8.44060084
2.79983E-04	8.69675025
2.80002E-04	8.92901953
2.80020E-04	9.17842925
2.80031E-04	9.33040543
2.80051E-04	9.63897798
2.80076E-04	10.047635
2.80101E-04	10.4923456
2.80126E-04	10.974776
2.80150E-04	11.4964286
2.80175E-04	12.0586007
2.80179E-04	12.1586397
2.80196E-04	12.5653312
2.80227E-04	13.3829789
2.80258E-04	14.2673948
2.80282E-04	15.0283051
2.80288E-04	15.2212834
2.80319E-04	16.2516399
2.80357E-04	17.5712664
2.80365E-04	17.8823269
2.80390E-04	18.8276257
2.80439E-04	20.8290766
2.80447E-04	21.1817568
2.80499E-04	23.412475
2.80519E-04	24.3311323
2.80581E-04	27.1153903
2.80641E-04	29.8327461
2.80654E-04	30.363007
2.80699E-04	32.3265004
2.80736E-04	33.7963852
2.80750E-04	34.3726852
2.80794E-04	35.9115864
2.80828E-04	36.9731244
2.80858E-04	37.7846395
2.80895E-04	38.6193227
2.80930E-04	39.2254803
2.80969E-04	39.6593801
2.80992E-04	39.7923443
2.80999E-04	39.8325774
2.81035E-04	39.8306675
2.81073E-04	39.605457
2.81076E-04	39.5672295
2.81107E-04	39.1863149
2.81144E-04	38.5386584
2.81157E-04	38.2624472
2.81178E-04	37.7646964
2.81219E-04	36.6560869
2.81235E-04	36.1260992
2.81264E-04	35.1806226
2.81297E-04	33.9666462
2.81314E-04	33.3493359
2.81375E-04	30.8305395
2.81380E-04	30.6552282
2.81466E-04	26.9170994
2.81524E-04	24.3910826
2.81567E-04	22.5757526
2.81578E-04	22.1638204
2.81611E-04	20.8298229
2.81648E-04	19.4113225
2.81685E-04	18.0781596
2.81713E-04	17.1380059
2.81740E-04	16.2508738
2.81771E-04	15.3283474
2.81796E-04	14.638269
2.81821E-04	13.9904378
2.81846E-04	13.384141
2.81870E-04	12.8183709
2.81895E-04	12.2918682
2.81920E-04	11.8031649
2.81945E-04	11.3506254
2.81949E-04	11.2803862
2.81964E-04	11.0166417
2.81987E-04	10.6659175
2.82009E-04	10.3408095
2.82032E-04	10.039887
2.82054E-04	9.76167123
2.82077E-04	9.50474192
2.82099E-04	9.267641
2.82119E-04	9.07414588
2.82121E-04	9.04974084
2.82144E-04	8.85450747
2.82166E-04	8.6750822
2.82189E-04	8.51020054
2.82205E-04	8.39750535
2.82223E-04	8.28199037
2.82241E-04	8.17402077
2.82258E-04	8.08027656
2.82259E-04	8.0733668
2.82277E-04	7.98319984
2.82296E-04	7.8990522
2.82314E-04	7.82047086
2.82332E-04	7.74703403
2.82350E-04	7.67833453
2.82368E-04	7.61400341
2.82386E-04	7.55369262
2.82413E-04	7.47006375
2.82440E-04	7.39375728
2.82444E-04	7.3837793
2.82467E-04	7.32977345
2.82485E-04	7.29095559
2.82508E-04	7.2443927
2.82531E-04	7.20122677
2.82555E-04	7.16109208
2.82578E-04	7.12366396
2.82613E-04	7.07197183
2.82647E-04	7.02488264
2.82682E-04	6.98168757
2.82717E-04	6.94179946
2.82752E-04	6.90472869
2.82810E-04	6.84813249
2.82856E-04	6.80668556
2.82899E-04	6.77796305
2.82941E-04	6.75121875
2.82984E-04	6.72616893
2.83026E-04	6.70258372
2.83083E-04	6.67309504
2.83140E-04	6.64552037
2.83197E-04	6.6195781
2.83253E-04	6.59504253
2.83310E-04	6.57173066
2.83382E-04	6.54915729
2.83454E-04	6.52806796
2.83527E-04	6.50825596
2.83599E-04	6.48955273
2.83671E-04	6.47181736
2.83743E-04	6.45493261
2.83815E-04	6.43879842
2.83888E-04	6.4233304
2.83929E-04	6.41485277
2.83970E-04	6.40839567
2.84053E-04	6.39616376
2.84135E-04	6.38453519
2.84218E-04	6.37344241
2.84300E-04	6.36282724
2.84383E-04	6.35263939
2.84506E-04	6.33806467
2.84599E-04	6.32762466
2.84702E-04	6.31645815
2.84805E-04	6.3056974
2.84908E-04	6.29529739
2.84960E-04	6.29025836
2.85012E-04	6.28687867
2.85115E-04	6.28040748
2.85269E-04	6.27117764
2.85373E-04	6.2653059
2.85507E-04	6.25796871
2.85641E-04	6.25092916
2.85775E-04	6.24415248
2.85909E-04	6.23760912
2.86043E-04	6.23127354
2.86177E-04	6.22512389
2.86445E-04	6.21330848
2.86610E-04	6.20631472
2.86775E-04	6.19950282
2.86940E-04	6.19285237
2.87105E-04	6.18928373
2.87270E-04	6.18584358
2.87435E-04	6.18251863
2.87683E-04	6.17772214
2.87873E-04	6.17416281
2.88090E-04	6.17025009
2.88306E-04	6.16645751
2.88523E-04	6.16277129
2.88740E-04	6.15917954
2.88956E-04	6.15567205
2.89173E-04	6.15223984
2.89389E-04	6.14887502
2.89626E-04	6.14525881
2.89884E-04	6.14140121
2.90142E-04	6.13761141
2.90400E-04	6.13388217
2.90658E-04	6.13020717
2.90859E-04	6.12737868
2.90915E-04	6.12703704
2.91302E-04	6.12478841
2.91560E-04	6.12333683
2.91887E-04	6.12154164
2.92215E-04	6.11979449
2.92542E-04	6.11809009
2.92870E-04	6.11642383
2.93197E-04	6.11479164
2.93688E-04	6.11239958
2.94179E-04	6.11006616
2.94604E-04	6.10808817
2.95029E-04	6.10614336
2.95454E-04	6.10422783
2.95879E-04	6.10233827
2.96303E-04	6.1004719
2.96728E-04	6.09862653
2.97366E-04	6.09589287
2.97964E-04	6.09335637
2.98544E-04	6.0909272
2.99123E-04	6.0885202
2.99702E-04	6.08613265
3.00359E-04	6.083452
3.00668E-04	6.08313872
3.01441E-04	6.08238395
3.02213E-04	6.08165052
3.02986E-04	6.08093547
3.03758E-04	6.08023633
3.04531E-04	6.07955105
3.05303E-04	6.07887788
3.06076E-04	6.07821535
3.06848E-04	6.07756221
3.08007E-04	6.07659777
3.09166E-04	6.07564904
3.09938E-04	6.07502439
3.11329E-04	6.07391265
3.12719E-04	6.07281474
3.14110E-04	6.07172873
3.15500E-04	6.07065271
3.16891E-04	6.06958518
3.18281E-04	6.06852491
3.19672E-04	6.06747088
3.21062E-04	6.06642226
3.22916E-04	6.06503132
3.24770E-04	6.06364733
3.26624E-04	6.06226928
3.28478E-04	6.06089634
3.30950E-04	6.05907231
3.33422E-04	6.05725445
3.35894E-04	6.05544186
3.38366E-04	6.05363373
3.40838E-04	6.05182939
3.43310E-04	6.05002834
3.47019E-04	6.04733215
3.50727E-04	6.04464112
3.54435E-04	6.04195494
3.60615E-04	6.03748661
3.64323E-04	6.03481052
3.68031E-04	6.03213765
3.71840E-04	6.02939547
3.75851E-04	6.02651135
3.80166E-04	6.02341381
3.84481E-04	6.02032104
3.88796E-04	6.01723414
3.94549E-04	6.01312808
3.97425E-04	6.01108004
4.00302E-04	6.00903587
4.03178E-04	6.00699607
4.07493E-04	6.00394562
4.10370E-04	6.00191972
4.13246E-04	5.99990101
4.16123E-04	5.99789058
4.18280E-04	5.99638919
4.20438E-04	5.99489434
4.22595E-04	5.99340693
4.24752E-04	5.991928
4.26910E-04	5.98820397
4.29067E-04	5.98449148
4.30685E-04	5.98171599
4.32303E-04	5.97894926
4.33921E-04	5.9761925
4.35539E-04	5.97344717
4.37158E-04	5.97071499
4.38776E-04	5.96799806
4.40394E-04	5.96529895
4.42012E-04	5.96262074
4.43630E-04	5.95996628
4.44708E-04	5.95821267
4.45787E-04	5.95647413
4.46866E-04	5.95475218
4.47945E-04	5.9530491
4.48484E-04	5.95220833
4.49023E-04	5.95003888
4.50102E-04	5.94572465
4.51181E-04	5.94143888
4.52259E-04	5.93718606
4.53068E-04	5.93402129
4.53877E-04	5.93088081
4.54686E-04	5.92776775
4.55495E-04	5.92468581
4.56304E-04	5.9216393
4.57114E-04	5.91863335
4.57923E-04	5.91567398
4.58732E-04	5.91276846
4.59271E-04	5.91087247
4.59518E-04	5.9089326
4.60260E-04	5.90317496
4.61001E-04	5.89748632
4.61496E-04	5.89373936
4.61990E-04	5.89003378
4.62485E-04	5.88637378
4.62979E-04	5.88276454
4.63435E-04	5.87948907
4.64060E-04	5.87508371
4.64476E-04	5.87221154
4.64893E-04	5.86939802
4.65085E-04	5.86813186
4.65310E-04	5.86517317
4.65727E-04	5.85975978
4.66143E-04	5.85442843
4.66560E-04	5.84918956
4.67064E-04	5.84299452
4.67400E-04	5.83896169
4.67736E-04	5.83501655
4.68072E-04	5.83116927
4.68408E-04	5.82743185
4.68528E-04	5.82614125
4.68744E-04	5.8216841
4.69080E-04	5.81489019
4.69380E-04	5.80895653
4.69776E-04	5.80134112
4.70040E-04	5.79641925
4.70304E-04	5.79163767
4.70568E-04	5.78701288
4.70832E-04	5.7825639
4.71096E-04	5.77831251
4.71120E-04	5.77794625
4.71360E-04	5.7704585
4.71684E-04	5.76069712
4.71900E-04	5.75443111
4.72116E-04	5.74838396
4.72332E-04	5.74258128
4.72548E-04	5.73705259
4.72764E-04	5.73183204
4.72980E-04	5.72695929
4.73088E-04	5.72470812
4.73172E-04	5.72102351
4.73424E-04	5.71050607
4.73592E-04	5.70387791
4.73760E-04	5.69759695
4.73928E-04	5.69170348
4.74096E-04	5.68624388
4.74264E-04	5.68127185
4.74384E-04	5.67811339
4.74432E-04	5.67536493
4.74630E-04	5.66483452
4.74762E-04	5.65836571
4.74894E-04	5.65239575
4.75026E-04	5.64698221
4.75158E-04	5.6421912
4.75290E-04	5.63809899
4.75392E-04	5.6355451
4.75422E-04	5.63356497
4.75542E-04	5.62641383
4.75650E-04	5.62068059
4.75758E-04	5.61569109
4.75866E-04	5.61153201
4.75974E-04	5.60830339
4.76082E-04	5.60612129
4.76112E-04	5.60584345
4.76190E-04	5.60158764
4.76298E-04	5.59703569
4.76394E-04	5.59426596
4.76478E-04	5.5929539
4.76562E-04	5.59280502
4.76568E-04	5.59288745
4.76646E-04	5.58988504
4.76730E-04	5.58811737
4.76814E-04	5.58800649
4.76898E-04	5.58977867
4.76982E-04	5.59370464
4.77000E-04	5.59505685
4.77060E-04	5.59549379
4.77132E-04	5.5981923
4.77204E-04	5.60329189
4.77276E-04	5.61116892
4.77348E-04	5.62229291
4.77360E-04	5.62478733
4.77420E-04	5.63267273
4.77474E-04	5.64274521
4.77528E-04	5.6558146
4.77582E-04	5.67238454
4.77630E-04	5.69055449
4.77648E-04	5.69874355
4.77675E-04	5.70905221
4.77720E-04	5.73011182
4.77765E-04	5.75570328
4.77810E-04	5.78661646
4.77855E-04	5.82380594
4.77900E-04	5.86842386
4.77930E-04	5.90297023
4.77960E-04	5.94190695
4.77990E-04	5.98577295
4.78020E-04	6.03517498
4.78050E-04	6.09079457
4.78080E-04	6.15339556
4.78116E-04	6.23894124
4.78140E-04	6.30305525
4.78152E-04	6.33826165
4.78164E-04	6.37489482
4.78188E-04	6.45505403
4.78212E-04	6.5427497
4.78236E-04	6.63867748
4.78260E-04	6.74358757
4.78272E-04	6.80093731
4.78284E-04	6.86094738
4.78308E-04	6.99162299
4.78332E-04	7.13388102
4.78356E-04	7.28871085
4.78380E-04	7.45716543
4.78385E-04	7.49380477
4.78404E-04	7.64661254
4.78428E-04	7.85354628
4.78452E-04	8.0776502
4.78469E-04	8.25264756
4.78473E-04	8.29007372
4.78500E-04	8.5930362
4.78526E-04	8.90827126
4.78527E-04	8.92335695
4.78554E-04	9.29183927
4.78581E-04	9.6915767
4.78582E-04	9.7108329
4.78608E-04	10.1360483
4.78635E-04	10.6168988
4.78639E-04	10.6861098
4.78662E-04	11.1482683
4.78689E-04	11.7221628
4.78695E-04	11.8592604
4.78716E-04	12.3509725
4.78742E-04	12.9984975
4.78743E-04	13.029396
4.78768E-04	13.7043703
4.78798E-04	14.5850031
4.78799E-04	14.6211969
4.78830E-04	15.6322442
4.78853E-04	16.4454103
4.78861E-04	16.7223145
4.78891E-04	17.8376846
4.78892E-04	17.9071467
4.78924E-04	19.1896939
4.78928E-04	19.3731931
4.78955E-04	20.5715813
4.78965E-04	21.0511515
4.78986E-04	22.053896
4.79002E-04	22.8763841
4.79026E-04	24.0837034
4.79045E-04	25.1363625
4.79062E-04	26.0737806
4.79093E-04	27.9096572
4.79098E-04	28.1971829
4.79134E-04	30.460468
4.79141E-04	30.9368877
4.79182E-04	33.6802298
4.79189E-04	34.1899472
4.79232E-04	37.2939196
4.79237E-04	37.6549274
4.79285E-04	41.3139407
4.79290E-04	41.6844226
4.79333E-04	45.1937361
4.79405E-04	51.1182119
4.79477E-04	57.1141055
4.79534E-04	61.9448944
4.79609E-04	67.910389
4.79674E-04	72.7375237
4.79683E-04	73.3912223
4.79724E-04	76.1243376
4.79765E-04	78.6014332
4.79767E-04	78.7434669
4.79818E-04	81.3656558
4.79834E-04	82.1038595
4.79863E-04	83.3207113
4.79890E-04	84.2249545
4.79906E-04	84.7563986
4.79940E-04	85.5479324
4.79958E-04	85.9408128
4.80000E-04	86.4595584
4.80002E-04	86.4657772
4.80046E-04	86.5234677
4.80058E-04	86.4299596
4.80096E-04	86.0251214
4.80120E-04	85.5600953
4.80139E-04	85.1416847
4.80174E-04	84.0977884
4.80187E-04	83.6720846
4.80230E-04	81.9166874
4.80240E-04	81.5044181
4.80290E-04	78.9529721
4.80293E-04	78.8153131
4.80346E-04	75.6607834
4.80365E-04	74.3978354
4.80408E-04	71.4607912
4.80437E-04	69.3615502
4.80480E-04	66.1402657
4.80499E-04	64.6502009
4.80576E-04	58.5907578
4.80672E-04	50.9090646
4.80730E-04	46.4475682
4.80792E-04	41.8166289
4.80835E-04	38.7622379
4.80854E-04	37.4669348
4.80878E-04	35.8681573
4.80922E-04	33.1400066
4.80950E-04	31.4251245
4.80965E-04	30.5831702
4.80994E-04	28.9874114
4.81022E-04	27.4624227
4.81037E-04	26.735123
4.81051E-04	26.0238108
4.81080E-04	24.670721
4.81109E-04	23.3858895
4.81114E-04	23.1828529
4.81138E-04	22.1937685
4.81170E-04	20.9356705
4.81190E-04	20.1890194
4.81197E-04	19.954493
4.81224E-04	19.0476325
4.81251E-04	18.1911721
4.81267E-04	17.7061769
4.81278E-04	17.3930625
4.81305E-04	16.6560762
4.81332E-04	15.9625108
4.81335E-04	15.8900062
4.81359E-04	15.3282566
4.81386E-04	14.7349187
4.81394E-04	14.5739853
4.81413E-04	14.1930026
4.81440E-04	13.6911769
4.81461E-04	13.322869
4.81482E-04	12.9726687
4.81503E-04	12.6567049
4.81524E-04	12.3568517
4.81545E-04	12.0721587
4.81566E-04	11.8017095
4.81570E-04	11.7502923
4.81587E-04	11.5559248
4.81608E-04	11.3254846
4.81629E-04	11.1067569
4.81650E-04	10.8989725
4.81658E-04	10.8209062
4.81682E-04	10.6187492
4.81713E-04	10.3637528
4.81745E-04	10.1273019
4.81747E-04	10.1126451
4.81776E-04	9.92015965
4.81803E-04	9.75524853
4.81830E-04	9.60020453
4.81836E-04	9.56773482
4.81857E-04	9.46224341
4.81884E-04	9.33468495
4.81911E-04	9.214418
4.81938E-04	9.10073104
4.81956E-04	9.02889574
4.81965E-04	8.995922
4.81992E-04	8.90234971
4.82033E-04	8.7708778
4.82073E-04	8.64869202
4.82076E-04	8.64022975
4.82114E-04	8.54489706
4.82154E-04	8.44874245
4.82195E-04	8.35842533
4.82244E-04	8.25478207
4.82256E-04	8.23123615
4.82298E-04	8.15914262
4.82352E-04	8.07261367
4.82406E-04	7.99121334
4.82460E-04	7.91411625
4.82490E-04	7.87330811
4.82514E-04	7.84479806
4.82568E-04	7.78376141
4.82640E-04	7.70648686
4.82712E-04	7.63317958
4.82724E-04	7.62151886
4.82784E-04	7.57165328
4.82868E-04	7.50541791
4.82952E-04	7.44245609
4.83036E-04	7.38228606
4.83120E-04	7.32452154
4.83204E-04	7.27882344
4.83288E-04	7.23495526
4.83372E-04	7.19269875
4.83456E-04	7.15186934
4.83564E-04	7.10122056
4.83600E-04	7.08494384
4.83672E-04	7.05806282
4.83780E-04	7.01932541
4.83888E-04	6.98197553
4.83996E-04	6.94584705
4.84080E-04	6.91858719
4.84104E-04	6.91222759
4.84212E-04	6.88456852
4.84320E-04	6.85776446
4.84452E-04	6.82603467
4.84584E-04	6.79530731
4.84716E-04	6.76546279
4.84800E-04	6.74696768
4.84848E-04	6.73893595
4.84980E-04	6.71754183
4.85112E-04	6.69676523
4.85244E-04	6.67654058
4.85376E-04	6.65681082
4.85544E-04	6.63233802
4.85712E-04	6.60849823
4.85880E-04	6.58521645
4.85952E-04	6.57545033
4.86048E-04	6.56601261
4.86216E-04	6.54993601
4.86384E-04	6.53425158
4.86552E-04	6.51891833
4.86720E-04	6.50390049
4.86912E-04	6.48708345
4.87104E-04	6.47059677
4.87296E-04	6.45440511
4.87488E-04	6.44329125
4.87776E-04	6.42705824
4.88064E-04	6.41128328
4.88256E-04	6.40098929
4.88496E-04	6.38834376
4.88736E-04	6.37591944
4.88976E-04	6.36369263
4.89216E-04	6.35164273
4.89360E-04	6.34450807
4.89456E-04	6.34137546
4.89816E-04	6.32989151
4.90176E-04	6.31868314
4.90488E-04	6.30916266
4.90800E-04	6.29980021
4.91112E-04	6.2905784
4.91424E-04	6.28148217
4.91736E-04	6.27249828
4.92048E-04	6.26361494
4.92144E-04	6.26091566
4.92516E-04	6.25466196
4.92856E-04	6.24904997
4.93225E-04	6.24306255
4.93594E-04	6.23716163
4.93963E-04	6.23133816
4.94332E-04	6.2255842
4.94885E-04	6.21706851
4.95438E-04	6.20867389
4.95865E-04	6.2022699
4.96350E-04	6.1950632
4.96834E-04	6.1879205
4.97238E-04	6.18201602
4.97319E-04	6.1814004
4.97804E-04	6.17775756
4.98289E-04	6.17415913
4.99016E-04	6.16883467
4.99501E-04	6.16532884
5.00066E-04	6.16127805
5.00632E-04	6.15726527
5.01197E-04	6.15328648
5.02046E-04	6.14737446
5.02894E-04	6.14152109
5.03742E-04	6.13571809
5.04591E-04	6.12995861
5.05439E-04	6.1242369
5.05964E-04	6.1207153
5.06287E-04	6.11972026
5.07136E-04	6.11713718
5.07984E-04	6.11457953
5.08832E-04	6.11204434
5.09681E-04	6.10952908
5.10812E-04	6.10620265
5.11943E-04	6.1029034
5.13074E-04	6.09962837
5.14367E-04	6.09591013
5.15659E-04	6.09221397
5.16952E-04	6.08853758
5.18245E-04	6.08487834
5.19538E-04	6.08123403
5.20830E-04	6.07760279
5.22123E-04	6.07398305
5.23416E-04	6.07037345
5.24709E-04	6.06888777
5.26648E-04	6.06667398
5.28587E-04	6.06447539
5.30526E-04	6.06228978
5.32465E-04	6.06011523
5.34404E-04	6.05795026
5.36343E-04	6.05579357
5.38282E-04	6.05364415
5.41514E-04	6.0500758
5.44099E-04	6.04723124
5.46685E-04	6.04439454
5.49270E-04	6.04156464
5.51856E-04	6.03874066
5.54441E-04	6.03592187
5.57026E-04	6.03310769
5.59612E-04	6.03029764
5.63490E-04	6.02608956
5.67368E-04	6.02188861
5.71246E-04	6.01769446
5.75124E-04	6.01350619
5.78387E-04	6.00998769
5.81939E-04	6.00616081
5.85830E-04	6.00197453
5.89890E-04	5.99761261
5.93950E-04	5.99325714
5.98010E-04	5.9889092
6.03423E-04	5.98312474
6.06130E-04	5.98023892
6.08836E-04	5.97735807
6.11543E-04	5.97448283
6.15603E-04	5.97018206
6.18309E-04	5.96732481
6.21016E-04	5.9644767
6.23046E-04	5.96234773
6.25076E-04	5.9602261
6.27106E-04	5.9581127
6.29136E-04	5.95600879
6.31166E-04	5.95391596
6.33196E-04	5.9518361
6.34549E-04	5.95045977
6.35226E-04	5.94870392
6.36579E-04	5.94520216
6.37932E-04	5.94170956
6.39286E-04	5.93822735
6.40639E-04	5.93475697
6.41992E-04	5.93130012
6.43261E-04	5.92807341
6.44445E-04	5.92507588
6.45629E-04	5.92209382
6.46814E-04	5.91912864
6.47998E-04	5.91618399
6.49182E-04	5.91326355
6.50366E-04	5.91037058
6.51254E-04	5.90822163
6.52142E-04	5.90609305
6.53030E-04	5.90113437
6.53918E-04	5.896202
6.54807E-04	5.89129971
6.55695E-04	5.88643198
6.56583E-04	5.88160416
6.57471E-04	5.87682269
6.58063E-04	5.87366457
6.58655E-04	5.87053318
6.59247E-04	5.86743163
6.59839E-04	5.86436349
6.60431E-04	5.86133289
6.61023E-04	5.85834449
6.61615E-04	5.85540343
6.62104E-04	5.84990954
6.62594E-04	5.84445653
6.63083E-04	5.83905004
6.63572E-04	5.833696
6.64061E-04	5.82840068
6.64550E-04	5.82317141
6.65039E-04	5.81801675
6.65528E-04	5.81294698
6.66074E-04	5.80739784
6.66439E-04	5.80377569
6.66803E-04	5.80022342
6.67167E-04	5.79674905
6.67287E-04	5.79563951
6.67532E-04	5.79088382
6.67896E-04	5.78390967
6.68260E-04	5.77704678
6.68587E-04	5.77100045
6.68876E-04	5.7657458
6.69165E-04	5.76058939
6.69454E-04	5.75554215
6.69743E-04	5.75061681
6.70032E-04	5.74582813
6.70201E-04	5.74310771
6.70321E-04	5.73949257
6.70610E-04	5.73091387
6.70867E-04	5.72343274
6.71206E-04	5.71385022
6.71432E-04	5.70765558
6.71659E-04	5.70163637
6.71885E-04	5.69581302
6.72111E-04	5.69020908
6.72337E-04	5.6848518
6.72362E-04	5.68428747
6.72563E-04	5.6756996
6.72827E-04	5.66482931
6.73091E-04	5.65445805
6.73267E-04	5.6478621
6.73442E-04	5.64155456
6.73618E-04	5.63556928
6.73769E-04	5.63074873
6.73794E-04	5.62922396
6.73970E-04	5.6189572
6.74121E-04	5.61052062
6.74272E-04	5.60246012
6.74422E-04	5.5948202
6.74573E-04	5.58765227
6.74724E-04	5.58101607
6.74875E-04	5.5749812
6.74975E-04	5.57141325
6.75025E-04	5.56769763
6.75176E-04	5.55732989
6.75346E-04	5.54674035
6.75459E-04	5.54040438
6.75572E-04	5.53472682
6.75685E-04	5.5297876
6.75729E-04	5.5281902
6.75798E-04	5.52286327
6.75911E-04	5.51508704
6.76024E-04	5.50838004
6.76131E-04	5.50316486
6.76231E-04	5.49938944
6.76332E-04	5.49182204
6.76432E-04	5.48569341
6.76533E-04	5.481228
6.76633E-04	5.47870401
6.76709E-04	5.47829317
6.76734E-04	5.47864705
6.76784E-04	5.47598551
6.76859E-04	5.47369264
6.76922E-04	5.47328206
6.76998E-04	5.47489246
6.77073E-04	5.47921529
6.77129E-04	5.48457215
6.77148E-04	5.48707137
6.77186E-04	5.48938846
6.77243E-04	5.49537208
6.77299E-04	5.50431417
6.77356E-04	5.51676902
6.77412E-04	5.53341819
6.77450E-04	5.54725419
6.77488E-04	5.56361556
6.77535E-04	5.58813549
6.77582E-04	5.61789138
6.77629E-04	5.65378182
6.77660E-04	5.68162875
6.77692E-04	5.71302074
6.77723E-04	5.74835062
6.77754E-04	5.78805377
6.77786E-04	5.83260624
6.77817E-04	5.88253555
6.77849E-04	5.93841919
6.77880E-04	6.0008912
6.77890E-04	6.02181323
6.77911E-04	6.07506492
6.77943E-04	6.15916226
6.77974E-04	6.25209985
6.78003E-04	6.3440303
6.78028E-04	6.43291066
6.78053E-04	6.52907001
6.78078E-04	6.63305208
6.78103E-04	6.75241095
6.78128E-04	6.88076872
6.78153E-04	7.0187579
6.78172E-04	7.12626476
6.78178E-04	7.16908426
6.78204E-04	7.33578343
6.78229E-04	7.51418426
6.78254E-04	7.70503164
6.78264E-04	7.78665725
6.78279E-04	7.91517467
6.78304E-04	8.14338058
6.78329E-04	8.38641156
6.78354E-04	8.64510116
6.78356E-04	8.66573687
6.78379E-04	8.93031327
6.78411E-04	9.31236816
6.78418E-04	9.40244513
6.78439E-04	9.68979076
6.78467E-04	10.0947046
6.78479E-04	10.2765962
6.78496E-04	10.5334576
6.78524E-04	11.0051196
6.78541E-04	11.3050788
6.78552E-04	11.5113847
6.78580E-04	12.0566276
6.78602E-04	12.508554
6.78618E-04	12.8403792
6.78653E-04	13.6367475
6.78656E-04	13.6952213
6.78694E-04	14.6312586
6.78714E-04	15.1608443
6.78726E-04	15.5011853
6.78759E-04	16.4329411
6.78774E-04	16.8850161
6.78791E-04	17.4265514
6.78824E-04	18.4804778
6.78834E-04	18.8234172
6.78873E-04	20.1854228
6.78895E-04	20.979567
6.78922E-04	22.031776
6.78955E-04	23.3431809
6.78967E-04	23.8579928
6.79005E-04	25.4784111
6.79018E-04	26.0280361
6.79055E-04	27.7602691
6.79080E-04	28.933681
6.79106E-04	30.166032
6.79156E-04	32.6749829
6.79181E-04	33.9845503
6.79256E-04	37.985461
6.79332E-04	42.1217398
6.79422E-04	47.1558064
6.79508E-04	51.7553483
6.79580E-04	55.4659301
6.79608E-04	56.7707877
6.79648E-04	58.6409961
6.79704E-04	60.9780526
6.79709E-04	61.1852771
6.79756E-04	62.9553694
6.79774E-04	63.5317609
6.79809E-04	64.642252
6.79844E-04	65.589326
6.79857E-04	65.9097009
6.79902E-04	66.8479918
6.79912E-04	67.0082626
6.79956E-04	67.6436526
6.79978E-04	67.8483512
6.80000E-04	68.0133365
6.80045E-04	68.1211198
6.80054E-04	68.1279652
6.80096E-04	67.9176853
6.80111E-04	67.8179329
6.80156E-04	67.266045
6.80196E-04	66.5907413
6.80206E-04	66.4001434
6.80253E-04	65.2774496
6.80271E-04	64.7908118
6.80322E-04	63.251453
6.80324E-04	63.1699697
6.80387E-04	60.8757931
6.80397E-04	60.4686806
6.80460E-04	57.8196524
6.80472E-04	57.2472049
6.80543E-04	53.9421929
6.80548E-04	53.6932323
6.80623E-04	49.8740585
6.80724E-04	44.6889906
6.80804E-04	40.4930249
6.80869E-04	37.1924774
6.80920E-04	34.7368313
6.80975E-04	32.1444363
6.80982E-04	31.7954285
6.81033E-04	29.5801019
6.81075E-04	27.7808745
6.81103E-04	26.6700979
6.81121E-04	25.9768448
6.81166E-04	24.2861613
6.81181E-04	23.7535078
6.81211E-04	22.7092244
6.81256E-04	21.2349824
6.81259E-04	21.1578204
6.81296E-04	20.0286265
6.81337E-04	18.8939263
6.81367E-04	18.111592
6.81397E-04	17.3661389
6.81425E-04	16.7007013
6.81427E-04	16.6579119
6.81457E-04	16.0074993
6.81487E-04	15.3900607
6.81514E-04	14.8773847
6.81518E-04	14.8070801
6.81548E-04	14.2745991
6.81578E-04	13.7706898
6.81602E-04	13.3832529
6.81608E-04	13.2978029
6.81633E-04	12.9376081
6.81658E-04	12.5943028
6.81683E-04	12.267035
6.81691E-04	12.1734083
6.81709E-04	11.9657918
6.81734E-04	11.6835669
6.81759E-04	11.4149198
6.81779E-04	11.2038363
6.81784E-04	11.162146
6.81809E-04	10.9359129
6.81834E-04	10.7209963
6.81859E-04	10.5166946
6.81884E-04	10.3223348
6.81910E-04	10.1372722
6.81935E-04	9.9608918
6.81960E-04	9.80844762
6.81985E-04	9.66354335
6.82010E-04	9.52565183
6.82041E-04	9.36238877
6.82060E-04	9.26999865
6.82073E-04	9.21363962
6.82104E-04	9.08117372
6.82136E-04	8.95635307
6.82167E-04	8.8384562
6.82186E-04	8.77148361
6.82198E-04	8.73072157
6.82230E-04	8.63448664
6.82261E-04	8.5433664
6.82293E-04	8.45685675
6.82312E-04	8.40744889
6.82324E-04	8.37760175
6.82355E-04	8.30673243
6.82387E-04	8.23923475
6.82434E-04	8.14358025
6.82462E-04	8.0896916
6.82481E-04	8.05803664
6.82531E-04	7.97910147
6.82569E-04	7.92309273
6.82626E-04	7.84346299
6.82682E-04	7.76830643
6.82688E-04	7.7603716
6.82739E-04	7.70568213
6.82795E-04	7.6473
6.82852E-04	7.59157809
6.82908E-04	7.53812028
6.82915E-04	7.53239647
6.82965E-04	7.49361671
6.83040E-04	7.43801807
6.83116E-04	7.38490669
6.83203E-04	7.32557158
6.83291E-04	7.26861581
6.83379E-04	7.22312777
6.83467E-04	7.17935881
6.83555E-04	7.13707555
6.83643E-04	7.09608975
6.83668E-04	7.08470533
6.83731E-04	7.06107674
6.83819E-04	7.02900668
6.83932E-04	6.98907989
6.84045E-04	6.95044201
6.84158E-04	6.91292823
6.84171E-04	6.90886987
6.84271E-04	6.88312572
6.84384E-04	6.85503422
6.84497E-04	6.82771487
6.84610E-04	6.80108238
6.84724E-04	6.7750641
6.84862E-04	6.74400574
6.84925E-04	6.73021732
6.85000E-04	6.7178991
6.85138E-04	6.69595448
6.85276E-04	6.67457647
6.85414E-04	6.65370245
6.85553E-04	6.63327884
6.85760E-04	6.60338678
6.85917E-04	6.58126409
6.86055E-04	6.56216407
6.86093E-04	6.55843205
6.86269E-04	6.54145476
6.86445E-04	6.5248661
6.86620E-04	6.50862317
6.86796E-04	6.49268899
6.86972E-04	6.47703141
6.87236E-04	6.45400338
6.87437E-04	6.43679988
6.87462E-04	6.43532
6.87688E-04	6.42231085
6.87914E-04	6.4095753
6.88141E-04	6.39708229
6.88367E-04	6.38480512
6.88593E-04	6.37272066
6.88819E-04	6.36080884
6.89045E-04	6.34905218
6.89321E-04	6.33487146
6.89548E-04	6.32342021
6.89598E-04	6.32176636
6.89874E-04	6.31283402
6.90151E-04	6.30404739
6.90427E-04	6.29539072
6.90703E-04	6.28685034
6.91118E-04	6.27423235
6.91432E-04	6.26480924
6.91784E-04	6.25437772
6.92135E-04	6.24406118
6.92362E-04	6.23749469
6.92487E-04	6.23520945
6.92839E-04	6.22890137
6.93191E-04	6.22267404
6.93542E-04	6.21651903
6.94070E-04	6.2074065
6.94501E-04	6.20005289
6.94932E-04	6.19277369
6.95364E-04	6.18556068
6.95795E-04	6.17840696
6.96226E-04	6.17130645
6.96409E-04	6.16832232
6.96873E-04	6.16400888
6.97520E-04	6.158087
6.98057E-04	6.15322807
6.98594E-04	6.14841671
6.99132E-04	6.14364771
6.99669E-04	6.13891648
7.00206E-04	6.13421904
7.01012E-04	6.12722874
7.01818E-04	6.12029679
7.02432E-04	6.11504932
7.03046E-04	6.10982784
7.03660E-04	6.10463503
7.03967E-04	6.10337874
7.04888E-04	6.09965476
7.05809E-04	6.09596933
7.06729E-04	6.09231723
7.07650E-04	6.08869405
7.08571E-04	6.08509611
7.09492E-04	6.08152031
7.10413E-04	6.07796403
7.11334E-04	6.07442536
7.12255E-04	6.07090233
7.13483E-04	6.06622487
7.14711E-04	6.06156801
7.15939E-04	6.05692921
7.17167E-04	6.05230611
7.18395E-04	6.04769674
7.19009E-04	6.04539809
7.19623E-04	6.04456199
7.20851E-04	6.04290043
7.22693E-04	6.04042538
7.24535E-04	6.0379681
7.26377E-04	6.03552583
7.28218E-04	6.03309631
7.30060E-04	6.03067773
7.32056E-04	6.02806819
7.34358E-04	6.02506893
7.36661E-04	6.02208086
7.38656E-04	6.01949796
7.41112E-04	6.01632701
7.43568E-04	6.01316372
7.46024E-04	6.01000701
7.48479E-04	6.00685598
7.50935E-04	6.00370989
7.54619E-04	5.99899864
7.58303E-04	5.99429563
7.61987E-04	5.98959928
7.68741E-04	5.98100389
7.74266E-04	5.97398276
7.79887E-04	5.96684969
7.85507E-04	5.959724
7.91128E-04	5.95260484
7.96748E-04	5.94549162
8.02368E-04	5.93838398
8.07989E-04	5.93128173
8.13609E-04	5.92418483
8.19230E-04	5.91709341
8.24850E-04	5.91000769
8.30471E-04	5.90292805
8.36091E-04	5.89585502
8.41711E-04	5.88878929
8.47332E-04	5.88173172
8.52952E-04	5.87468342
8.59978E-04	5.86098699
8.64193E-04	5.85277854
8.68408E-04	5.84457844
8.72624E-04	5.83638738
8.76839E-04	5.82820716
8.81054E-04	5.82003884
8.85270E-04	5.81188494
8.89485E-04	5.80374711
8.92295E-04	5.79833253
8.95105E-04	5.78912041
8.97916E-04	5.77991902
9.00726E-04	5.7707297
9.03536E-04	5.76155405
9.06346E-04	5.75239388
9.09157E-04	5.74325138
9.11967E-04	5.7341291
9.14777E-04	5.72503009
9.17587E-04	5.71595716
9.19695E-04	5.70469002
9.21803E-04	5.69344335
9.23910E-04	5.68221901
9.26018E-04	5.67101995
9.28126E-04	5.65984967
9.30233E-04	5.64871227
9.32341E-04	5.63761264
9.34448E-04	5.62655658
9.36556E-04	5.60912746
9.37961E-04	5.59754025
9.39366E-04	5.58598217
9.40771E-04	5.57445659
9.42177E-04	5.5629674
9.43582E-04	5.55151904
9.44987E-04	5.54011669
9.45689E-04	5.53444154
9.46392E-04	5.52583087
9.47797E-04	5.50866861
9.49202E-04	5.49157372
9.50607E-04	5.47455594
9.52012E-04	5.45762579
9.53066E-04	5.44499168
9.54120E-04	5.43242427
9.55155E-04	5.41467868
9.56190E-04	5.39701119
9.57225E-04	5.37943223
9.58260E-04	5.36195368
9.59295E-04	5.34458933
9.59640E-04	5.33884592
9.60388E-04	5.32170603
9.61509E-04	5.29616919
9.62256E-04	5.27925703
9.63004E-04	5.26244787
9.63751E-04	5.24575312
9.64125E-04	5.23746953
9.64499E-04	5.22601133
9.65246E-04	5.20323806
9.65908E-04	5.18322584
9.66770E-04	5.15733485
9.67633E-04	5.13171992
9.68150E-04	5.11651041
9.68208E-04	5.11424959
9.68783E-04	5.09180135
9.69358E-04	5.06953069
9.69933E-04	5.04745811
9.70450E-04	5.02778177
9.70680E-04	5.01914153
9.71140E-04	4.9969503
9.71830E-04	4.96407415
9.72290E-04	4.94241729
9.72750E-04	4.92099545
9.72980E-04	4.91041524
9.73210E-04	4.89702933
9.73670E-04	4.87054911
9.74101E-04	4.84601951
9.74504E-04	4.82341278
9.74705E-04	4.8122638
9.74906E-04	4.79854342
9.75309E-04	4.77144615
9.75711E-04	4.74473195
9.76114E-04	4.71844594
9.76143E-04	4.71660263
9.76516E-04	4.68733358
9.76919E-04	4.65635227
9.77278E-04	4.62920317
9.77436E-04	4.6175397
9.77753E-04	4.58875098
9.78069E-04	4.56057099
9.78385E-04	4.53294363
9.78701E-04	4.50593343
9.78730E-04	4.50354074
9.79018E-04	4.47360485
9.79334E-04	4.44145059
9.79650E-04	4.41016978
9.79880E-04	4.38806835
9.79909E-04	4.38458567
9.80168E-04	4.35397538
9.80426E-04	4.32418197
9.80685E-04	4.29530072
9.80944E-04	4.26744136
9.81030E-04	4.25853784
9.81203E-04	4.23605209
9.81461E-04	4.2036196
9.81720E-04	4.17265512
9.81893E-04	4.15322709
9.82022E-04	4.13506255
9.82223E-04	4.1082557
9.82424E-04	4.08276139
9.82626E-04	4.05873281
9.82755E-04	4.04434169
9.82827E-04	4.03449845
9.83028E-04	4.00878462
9.83229E-04	3.98515687
9.83330E-04	3.97445739
9.83409E-04	3.96424227
9.83646E-04	3.93688391
9.83804E-04	3.92100829
9.83963E-04	3.90728119
9.84020E-04	3.90316503
9.84121E-04	3.89417414
9.84279E-04	3.88275362
9.84437E-04	3.87439085
9.84595E-04	3.86949548
9.84724E-04	3.86840391
9.84854E-04	3.87026355
9.84983E-04	3.87543123
9.85113E-04	3.88432198
9.85242E-04	3.89742182
9.85357E-04	3.91331701
9.85371E-04	3.91597294
9.85501E-04	3.94534026
9.85630E-04	3.98099013
9.85745E-04	4.0187519
9.85860E-04	4.07073537
9.85948E-04	4.11618605
9.85975E-04	4.13284744
9.86090E-04	4.21189447
9.86176E-04	4.27795418
9.86184E-04	4.28462479
9.86263E-04	4.3590866
9.86286E-04	4.38299765
9.86349E-04	4.4556432
9.86421E-04	4.54559949
9.86435E-04	4.56567118
9.86521E-04	4.69644848
9.86522E-04	4.69763059
9.86593E-04	4.8264189
9.86623E-04	4.88557774
9.86679E-04	5.00762018
9.86725E-04	5.113713
9.86744E-04	5.16365681
9.86792E-04	5.29554932
9.86809E-04	5.34499799
9.86872E-04	5.54620365
9.86873E-04	5.55122553
9.86938E-04	5.79128462
9.86941E-04	5.80268104
9.87003E-04	6.06951301
9.87010E-04	6.10264236
9.87056E-04	6.33069923
9.87068E-04	6.39142514
9.87102E-04	6.5853208
9.87132E-04	6.76603835
9.87148E-04	6.866929
9.87194E-04	7.17953951
9.87197E-04	7.20042985
9.87240E-04	7.53279807
9.87257E-04	7.67492355
9.87286E-04	7.92480815
9.87309E-04	8.13854044
9.87332E-04	8.36315352
9.87361E-04	8.66341049
9.87378E-04	8.85273884
9.87413E-04	9.25772823
9.87424E-04	9.39959068
9.87459E-04	9.85081463
9.87464E-04	9.93004806
9.87493E-04	10.345451
9.87516E-04	10.6953176
9.87528E-04	10.8788556
9.87562E-04	11.4580766
9.87568E-04	11.560476
9.87605E-04	12.2572732
9.87620E-04	12.5431589
9.87648E-04	13.1416354
9.87671E-04	13.6519827
9.87691E-04	14.1192753
9.87723E-04	14.9013428
9.87735E-04	15.1988354
9.87775E-04	16.3067407
9.87778E-04	16.3891682
9.87818E-04	17.6161108
9.87821E-04	17.7068308
9.87857E-04	18.9119116
9.87864E-04	19.1607363
9.87896E-04	20.3236562
9.87907E-04	20.7599095
9.87934E-04	21.8597142
9.87950E-04	22.5159925
9.87973E-04	23.5285582
9.87993E-04	24.4410228
9.88012E-04	25.3381532
9.88035E-04	26.4743251
9.88051E-04	27.2982197
9.88074E-04	28.5304888
9.88090E-04	29.4216123
9.88113E-04	30.7533811
9.88128E-04	31.7154412
9.88151E-04	33.1522435
9.88167E-04	34.1891609
9.88190E-04	35.73648
9.88206E-04	36.8518641
9.88229E-04	38.5174073
9.88249E-04	40.0436587
9.88268E-04	41.4993294
9.88292E-04	43.4902064
9.88307E-04	44.6919917
9.88335E-04	47.2025702
9.88345E-04	48.1034793
9.88379E-04	51.1909818
9.88384E-04	51.7409549
9.88422E-04	55.4646541
9.88423E-04	55.6112455
9.88465E-04	60.0444174
9.88468E-04	60.3602984
9.88515E-04	65.8087375
9.88551E-04	70.1246318
9.88563E-04	71.5510685
9.88609E-04	77.5010598
9.88610E-04	77.6915463
9.88657E-04	84.2282973
9.88666E-04	85.4673723
9.88715E-04	92.6370497
9.88724E-04	93.9539513
9.88767E-04	100.663248
9.88781E-04	102.97851
9.88818E-04	109.122188
9.88867E-04	117.471311
9.88896E-04	122.480807
9.88954E-04	132.879808
9.88965E-04	135.001778
9.89057E-04	152.532757
9.89299E-04	200.072002
9.89379E-04	215.657359
9.89408E-04	221.026596
9.89494E-04	236.708685
9.89572E-04	249.615435
9.89580E-04	250.963263
9.89644E-04	260.392625
9.89661E-04	262.769733
9.89712E-04	269.421959
9.89736E-04	272.259573
9.89779E-04	276.975713
9.89807E-04	279.610246
9.89848E-04	283.233007
9.89869E-04	284.718465
9.89922E-04	288.087482
9.89936E-04	288.718469
9.89999E-04	291.096774
9.90002E-04	291.170814
9.90060E-04	291.576294
9.90106E-04	291.487846
9.90138E-04	290.713375
9.90184E-04	289.184471
9.90207E-04	287.996401
9.90262E-04	284.711184
9.90282E-04	283.138317
9.90345E-04	277.661519
9.90362E-04	275.863291
9.90434E-04	267.794889
9.90449E-04	265.944723
9.90529E-04	254.998959
9.90543E-04	252.846026
9.90621E-04	240.733001
9.90656E-04	234.989759
9.90713E-04	225.11493
9.91006E-04	171.71797
9.91087E-04	157.246689
9.91093E-04	156.238346
9.91185E-04	140.397839
9.91200E-04	137.730712
9.91254E-04	129.096249
9.91282E-04	124.526169
9.91323E-04	118.388335
9.91364E-04	112.181534
9.91392E-04	108.310586
9.91446E-04	100.755364
9.91449E-04	100.375769
9.91495E-04	94.4325868
9.91501E-04	93.7041562
9.91541E-04	88.8115522
9.91555E-04	87.1000133
9.91587E-04	83.4972159
9.91610E-04	80.9333365
9.91633E-04	78.4896509
9.91668E-04	74.9066209
9.91679E-04	73.7726364
9.91725E-04	69.3434004
9.91771E-04	65.2509661
9.91783E-04	64.2532699
9.91820E-04	61.1931494
9.91840E-04	59.5846581
9.91859E-04	58.1777876
9.91898E-04	55.3198642
9.91936E-04	52.6929375
9.91955E-04	51.4560803
9.91975E-04	50.2066898
9.92013E-04	47.9393021
9.92014E-04	47.8575609
9.92053E-04	45.703268
9.92070E-04	44.7675428
9.92092E-04	43.6776883
9.92130E-04	41.7620204
9.92133E-04	41.6233119
9.92169E-04	40.0168589
9.92197E-04	38.824379
9.92208E-04	38.3592162
9.92260E-04	36.3240835
9.92312E-04	34.4995311
9.92323E-04	34.106315
9.92363E-04	32.8344418
9.92386E-04	32.1297507
9.92415E-04	31.3153997
9.92450E-04	30.3679974
9.92467E-04	29.929755
9.92513E-04	28.7967831
9.92519E-04	28.6656278
9.92570E-04	27.5211524
9.92576E-04	27.3975534
9.92622E-04	26.4926021
9.92658E-04	25.805462
9.92674E-04	25.5310889
9.92726E-04	24.6585715
9.92740E-04	24.4227341
9.92782E-04	23.8011818
9.92822E-04	23.2190224
9.92846E-04	22.8964964
9.92904E-04	22.1614381
9.92911E-04	22.0783669
9.92976E-04	21.3538946
9.93013E-04	20.9468197
9.93040E-04	20.6806495
9.93105E-04	20.0674615
9.93122E-04	19.9079097
9.93170E-04	19.5129879
9.93232E-04	19.0107225
9.93234E-04	18.9895206
9.93299E-04	18.5236836
9.93341E-04	18.229786
9.93364E-04	18.0818054
9.93450E-04	17.5400176
9.93525E-04	17.1204214
9.93594E-04	16.7485027
9.93601E-04	16.7132003
9.93702E-04	16.2304039
9.93738E-04	16.0619536
9.93802E-04	15.7927453
9.93903E-04	15.3834333
9.93953E-04	15.1828329
9.94003E-04	15.0069778
9.94104E-04	14.6622854
9.94169E-04	14.4446311
9.94205E-04	14.3374338
9.94320E-04	14.0009467
9.94384E-04	13.8152981
9.94449E-04	13.6493223
9.94578E-04	13.324017
9.94600E-04	13.2707609
9.94708E-04	13.034933
9.94837E-04	12.7569707
9.94888E-04	12.6505931
9.94967E-04	12.5037265
9.95096E-04	12.2673002
9.95175E-04	12.1249319
9.95225E-04	12.0445878
9.95376E-04	11.8074283
9.95463E-04	11.6741498
9.95549E-04	11.5574959
9.95721E-04	11.3283592
9.95865E-04	11.1404413
9.95894E-04	11.1076107
9.96066E-04	10.9138114
9.96210E-04	10.7546474
9.96239E-04	10.7267955
9.96411E-04	10.562161
9.96584E-04	10.3997246
9.96670E-04	10.3195231
9.96771E-04	10.2384625
9.96972E-04	10.0786115
9.97130E-04	9.95465031
9.97173E-04	9.92504295
9.97374E-04	9.78871879
9.97576E-04	9.65403357
9.97590E-04	9.64451766
9.97777E-04	9.53690067
9.97978E-04	9.42231499
9.98165E-04	9.31725635
9.98280E-04	9.26126418
9.98539E-04	9.13709965
9.98740E-04	9.04166606
9.98798E-04	9.01851603
9.99056E-04	8.91563352
9.99315E-04	8.81389658
9.99574E-04	8.71317859
9.99603E-04	8.70208876
9.99833E-04	8.62821906
1.00009E-03	8.54593003
1.00035E-03	8.46437251
1.00047E-03	8.4284478
1.00067E-03	8.37655235
1.00098E-03	8.29587289
1.00130E-03	8.21596594
1.00162E-03	8.13674712
1.00193E-03	8.07232236
1.00225E-03	8.00844805
1.00272E-03	7.91354504
1.00274E-03	7.91069576
1.00308E-03	7.85541401
1.00348E-03	7.79149062
1.00389E-03	7.72810413
1.00429E-03	7.66519514
1.00438E-03	7.65180596
1.00469E-03	7.61275192
1.00509E-03	7.56342799
1.00550E-03	7.51444585
1.00601E-03	7.45195428
1.00610E-03	7.4434869
1.00656E-03	7.39873003
1.00702E-03	7.35427982
1.00748E-03	7.31010404
1.00771E-03	7.28813932
1.00794E-03	7.27052379
1.00863E-03	7.21808615
1.00932E-03	7.16607745
1.00978E-03	7.13161389
1.01001E-03	7.11446555
1.01036E-03	7.09430518
1.01093E-03	7.06091273
1.01151E-03	7.02770644
1.01208E-03	6.99466741
1.01266E-03	6.96181371
1.01294E-03	6.94894142
1.01381E-03	6.91061382
1.01438E-03	6.88520152
1.01513E-03	6.85231359
1.01565E-03	6.82964915
1.01588E-03	6.82201799
1.01662E-03	6.79735062
1.01737E-03	6.77280291
1.01812E-03	6.74836279
1.01887E-03	6.7240191
1.01999E-03	6.68766107
1.02013E-03	6.68301813
1.02078E-03	6.66800706
1.02162E-03	6.64868882
1.02288E-03	6.61985087
1.02414E-03	6.59115849
1.02540E-03	6.56259191
1.02630E-03	6.54225104
1.02666E-03	6.53639355
1.02783E-03	6.51739814
1.02896E-03	6.49919578
1.03008E-03	6.48105237
1.03158E-03	6.45694171
1.03249E-03	6.44252366
1.03309E-03	6.43555978
1.03459E-03	6.41821986
1.03609E-03	6.40094094
1.03759E-03	6.38371535
1.03909E-03	6.36653666
1.04059E-03	6.3493994
1.04149E-03	6.3391391
1.04209E-03	6.33441044
1.04360E-03	6.32262149
1.04510E-03	6.31086173
1.04735E-03	6.29327014
1.04960E-03	6.27572894
1.05185E-03	6.2582313
1.05410E-03	6.24077215
1.05470E-03	6.23612453
1.05636E-03	6.22756563
1.05891E-03	6.21437217
1.06161E-03	6.20043673
1.06431E-03	6.18653167
1.06701E-03	6.17265285
1.06972E-03	6.15879707
1.07242E-03	6.14496144
1.07512E-03	6.13114367
1.07632E-03	6.12501049
1.07872E-03	6.11615327
1.08233E-03	6.10289205
1.08593E-03	6.08965204
1.08953E-03	6.07643113
1.09314E-03	6.06322702
1.09674E-03	6.05003847
1.10034E-03	6.03686397
1.10447E-03	6.02179673
1.10859E-03	6.00674543
1.11152E-03	5.99608583
1.11590E-03	5.98011127
1.12029E-03	5.96415399
1.12468E-03	5.94821504
1.12906E-03	5.93229468
1.13345E-03	5.91639497
1.13784E-03	5.90051709
1.14113E-03	5.88862497
1.14442E-03	5.87674832
1.14770E-03	5.86488873
1.15099E-03	5.85304831
1.15428E-03	5.83607587
1.15757E-03	5.81912811
1.16086E-03	5.80220903
1.16415E-03	5.78532336
1.16690E-03	5.7712808
1.16964E-03	5.75726894
1.17146E-03	5.74795256
1.17238E-03	5.74107594
1.17512E-03	5.7204884
1.17695E-03	5.70679044
1.17877E-03	5.69311711
1.18060E-03	5.67947137
1.18243E-03	5.66585689
1.18426E-03	5.65227759
1.18609E-03	5.63873846
1.18791E-03	5.61874876
1.18974E-03	5.59881166
1.19157E-03	5.57893494
1.19294E-03	5.56407284
1.19418E-03	5.55063986
1.19575E-03	5.53371161
1.19654E-03	5.52528415
1.19732E-03	5.51345888
1.19889E-03	5.48989547
1.20008E-03	5.47214244
1.20129E-03	5.45416396
1.20250E-03	5.43626028
1.20290E-03	5.43032066
1.20371E-03	5.41466487
1.20491E-03	5.39127694
1.20612E-03	5.36799887
1.20733E-03	5.34484951
1.20773E-03	5.33718238
1.20854E-03	5.31681877
1.20974E-03	5.28644492
1.21055E-03	5.26630494
1.21135E-03	5.24626333
1.21216E-03	5.22633144
1.21256E-03	5.21642554
1.21291E-03	5.20465913
1.21361E-03	5.18123575
1.21431E-03	5.15792943
1.21501E-03	5.13475312
1.21571E-03	5.111722
1.21641E-03	5.08885361
1.21676E-03	5.07751096
1.21711E-03	5.06246311
1.21781E-03	5.03257412
1.21844E-03	5.00587345
1.21900E-03	4.98231759
1.21956E-03	4.95894888
1.22012E-03	4.92984257
1.22068E-03	4.90096977
1.22124E-03	4.87235907
1.22166E-03	4.85112245
1.22180E-03	4.84230381
1.22236E-03	4.80736295
1.22285E-03	4.7770984
1.22348E-03	4.73866825
1.22376E-03	4.72181431
1.22390E-03	4.71130987
1.22432E-03	4.68010203
1.22474E-03	4.64923462
1.22516E-03	4.61874886
1.22544E-03	4.59871131
1.22558E-03	4.5862143
1.22600E-03	4.54920711
1.22653E-03	4.50372366
1.22688E-03	4.4739447
1.22712E-03	4.4534437
1.22723E-03	4.44243121
1.22758E-03	4.406272
1.22793E-03	4.370728
1.22828E-03	4.33587577
1.22852E-03	4.31202572
1.22863E-03	4.2995548
1.22894E-03	4.26289505
1.22922E-03	4.23098083
1.22950E-03	4.199773
1.22957E-03	4.19216797
1.22978E-03	4.16471282
1.23006E-03	4.12898711
1.23034E-03	4.09425029
1.23059E-03	4.06482996
1.23062E-03	4.05973883
1.23090E-03	4.02026833
1.23115E-03	3.98689674
1.23146E-03	3.9458118
1.23158E-03	3.930586
1.23167E-03	3.91724089
1.23188E-03	3.88637739
1.23209E-03	3.85681253
1.23230E-03	3.82870055
1.23251E-03	3.80221988
1.23258E-03	3.7940058
1.23272E-03	3.77325626
1.23290E-03	3.74889673
1.23307E-03	3.72614225
1.23325E-03	3.70517772
1.23342E-03	3.68621589
1.23360E-03	3.6695028
1.23377E-03	3.65532447
1.23395E-03	3.64401534
1.23412E-03	3.63596892
1.23426E-03	3.63219137
1.23440E-03	3.63107794
1.23454E-03	3.6329522
1.23468E-03	3.63819122
1.23482E-03	3.65287824
1.23496E-03	3.67189542
1.23510E-03	3.69586651
1.23512E-03	3.69957607
1.23524E-03	3.73327879
1.23536E-03	3.7711828
1.23538E-03	3.7788356
1.23548E-03	3.8224619
1.23560E-03	3.88172241
1.23561E-03	3.89150962
1.23572E-03	3.9587541
1.23579E-03	4.01336757
1.23584E-03	4.05081209
1.23591E-03	4.11707206
1.23592E-03	4.13409424
1.23601E-03	4.2319769
1.23602E-03	4.24540578
1.23610E-03	4.3485643
1.23614E-03	4.40452622
1.23619E-03	4.48342717
1.23623E-03	4.54815779
1.23629E-03	4.66040189
1.23632E-03	4.71637471
1.23636E-03	4.81632408
1.23640E-03	4.89049046
1.23644E-03	4.9963088
1.23647E-03	5.09282658
1.23651E-03	5.20416617
1.23655E-03	5.32861002
1.23658E-03	5.44479457
1.23663E-03	5.60407546
1.23666E-03	5.72186753
1.23668E-03	5.81333158
1.23673E-03	6.04430836
1.23678E-03	6.30571703
1.23680E-03	6.42467712
1.23683E-03	6.59531046
1.23688E-03	6.86483709
1.23689E-03	6.91559783
1.23693E-03	7.20020182
1.23694E-03	7.27603055
1.23699E-03	7.67679652
1.23699E-03	7.71337574
1.23704E-03	8.12522854
1.23705E-03	8.17457807
1.23709E-03	8.62638076
1.23710E-03	8.69068905
1.23714E-03	9.18599931
1.23715E-03	9.26826219
1.23720E-03	9.82199214
1.23720E-03	9.91280679
1.23723E-03	10.2889887
1.23726E-03	10.6353121
1.23727E-03	10.7890772
1.23730E-03	11.3279949
1.23731E-03	11.4414427
1.23734E-03	11.9108969
1.23736E-03	12.342937
1.23737E-03	12.5345423
1.23741E-03	13.2057795
1.23741E-03	13.3469935
1.23744E-03	13.9306627
1.23747E-03	14.4674287
1.23748E-03	14.7051729
1.23751E-03	15.5373727
1.23752E-03	15.7122771
1.23755E-03	16.4334648
1.23757E-03	17.0013729
1.23758E-03	17.3910273
1.23761E-03	18.3618991
1.23762E-03	18.4144546
1.23765E-03	19.5162978
1.23766E-03	19.8629669
1.23769E-03	20.6936962
1.23771E-03	21.5077697
1.23773E-03	22.3434824
1.23776E-03	23.2966579
1.23777E-03	23.9952074
1.23780E-03	25.2487762
1.23782E-03	25.7780975
1.23785E-03	27.3728363
1.23786E-03	27.6997224
1.23790E-03	29.6795246
1.23790E-03	29.7676924
1.23794E-03	31.9939891
1.23795E-03	32.189175
1.23798E-03	34.3844337
1.23799E-03	34.9086712
1.23803E-03	36.9442704
1.23804E-03	37.8436812
1.23807E-03	39.6871285
1.23810E-03	42.1015914
1.23811E-03	42.5977692
1.23815E-03	45.7119907
1.23817E-03	46.803372
1.23820E-03	49.8804606
1.23823E-03	51.9457906
1.23826E-03	54.3627991
1.23829E-03	57.5418088
1.23831E-03	59.1673005
1.23836E-03	63.6034261
1.23836E-03	64.3015744
1.23841E-03	69.7836519
1.23843E-03	71.3193608
1.23848E-03	76.9902477
1.23848E-03	77.1958219
1.23854E-03	84.509853
1.23855E-03	85.5973589
1.23859E-03	90.4641564
1.23862E-03	94.5953408
1.23865E-03	98.7887083
1.23869E-03	104.150235
1.23874E-03	111.080041
1.23880E-03	119.35609
1.23882E-03	123.558298
1.23893E-03	140.490793
1.23894E-03	141.05901
1.23920E-03	184.531184
1.23929E-03	199.189775
1.23933E-03	204.628367
1.23943E-03	220.04862
1.23943E-03	220.548828
1.23952E-03	233.150202
1.23954E-03	234.954535
1.23961E-03	243.595047
1.23964E-03	247.065436
1.23969E-03	252.44284
1.23973E-03	256.413482
1.23977E-03	259.881554
1.23982E-03	263.229651
1.23985E-03	265.908352
1.23990E-03	268.591783
1.23994E-03	270.142213
1.24000E-03	272.005845
1.24002E-03	272.522245
1.24009E-03	272.882739
1.24012E-03	272.8423
1.24017E-03	271.801723
1.24021E-03	270.863288
1.24026E-03	268.828567
1.24030E-03	266.779101
1.24035E-03	263.464561
1.24043E-03	257.058716
1.24044E-03	256.423099
1.24050E-03	250.362464
1.24055E-03	245.868425
1.24059E-03	241.195548
1.24063E-03	236.095441
1.24067E-03	230.866811
1.24072E-03	224.275133
1.24080E-03	213.705555
1.24087E-03	203.471466
1.24096E-03	190.064297
1.24113E-03	164.788444
1.24123E-03	149.1832
1.24124E-03	147.646106
1.24134E-03	134.297796
1.24136E-03	131.382503
1.24142E-03	123.485431
1.24147E-03	116.175041
1.24149E-03	114.649297
1.24155E-03	107.150835
1.24155E-03	106.328805
1.24162E-03	99.0690771
1.24162E-03	98.4908172
1.24169E-03	91.503464
1.24169E-03	91.1439745
1.24174E-03	86.5552361
1.24176E-03	84.4718475
1.24179E-03	81.1823235
1.24183E-03	77.9551089
1.24185E-03	76.1272251
1.24190E-03	71.9471057
1.24190E-03	71.3852129
1.24196E-03	66.9839079
1.24197E-03	66.445006
1.24202E-03	62.9106918
1.24204E-03	61.4282153
1.24207E-03	59.1195665
1.24211E-03	56.861859
1.24213E-03	55.5991321
1.24218E-03	52.7200275
1.24218E-03	52.3374081
1.24223E-03	49.8110124
1.24225E-03	48.9850332
1.24228E-03	47.4529483
1.24232E-03	45.6175453
1.24233E-03	45.2311077
1.24237E-03	43.1870956
1.24239E-03	42.5933053
1.24242E-03	41.289885
1.24246E-03	39.8782456
1.24247E-03	39.5056256
1.24251E-03	37.8634829
1.24253E-03	37.4460728
1.24256E-03	36.3461132
1.24260E-03	35.2681747
1.24261E-03	34.9221232
1.24266E-03	33.6147962
1.24268E-03	33.0455858
1.24271E-03	32.2625859
1.24275E-03	31.3708401
1.24277E-03	30.7820382
1.24281E-03	29.8642868
1.24284E-03	29.4450299
1.24290E-03	28.2197019
1.24291E-03	28.086751
1.24296E-03	27.1278709
1.24300E-03	26.5427167
1.24302E-03	26.1192685
1.24309E-03	25.1890102
1.24315E-03	24.364195
1.24318E-03	24.0053951
1.24321E-03	23.5973446
1.24327E-03	22.9581914
1.24328E-03	22.8863471
1.24334E-03	22.2533671
1.24340E-03	21.7022107
1.24341E-03	21.5477389
1.24349E-03	20.868271
1.24350E-03	20.7943239
1.24357E-03	20.2637971
1.24364E-03	19.7439346
1.24365E-03	19.6860226
1.24373E-03	19.1751729
1.24378E-03	18.8405921
1.24381E-03	18.6903451
1.24389E-03	18.2474205
1.24392E-03	18.054061
1.24399E-03	17.7122098
1.24410E-03	17.2096894
1.24413E-03	17.0450887
1.24420E-03	16.7579178
1.24432E-03	16.2647416
1.24434E-03	16.1955158
1.24445E-03	15.8307585
1.24457E-03	15.4125388
1.24469E-03	15.0520448
1.24481E-03	14.6970261
1.24483E-03	14.6469929
1.24494E-03	14.3838123
1.24506E-03	14.0809787
1.24509E-03	13.9955192
1.24518E-03	13.8063466
1.24534E-03	13.470652
1.24536E-03	13.4338796
1.24550E-03	13.1759119
1.24565E-03	12.889829
1.24571E-03	12.7956744
1.24581E-03	12.6319241
1.24597E-03	12.3894856
1.24606E-03	12.2563639
1.24613E-03	12.1627953
1.24628E-03	11.9547712
1.24641E-03	11.7947129
1.24644E-03	11.7541808
1.24665E-03	11.5140647
1.24676E-03	11.3955506
1.24686E-03	11.2924844
1.24707E-03	11.0890446
1.24728E-03	10.8879641
1.24749E-03	10.7167304
1.24770E-03	10.5473322
1.24775E-03	10.5053898
1.24791E-03	10.395048
1.24812E-03	10.2493761
1.24823E-03	10.1772381
1.24837E-03	10.0937252
1.24861E-03	9.94913279
1.24886E-03	9.80591646
1.24910E-03	9.68386474
1.24935E-03	9.56290368
1.24949E-03	9.49434087
1.24959E-03	9.44978613
1.25008E-03	9.24440586
1.25015E-03	9.21540902
1.25040E-03	9.13009189
1.25071E-03	9.0214355
1.25103E-03	8.91369544
1.25120E-03	8.85429135
1.25134E-03	8.81520652
1.25166E-03	8.72798906
1.25197E-03	8.64141767
1.25225E-03	8.56497988
1.25229E-03	8.55701918
1.25260E-03	8.48589316
1.25299E-03	8.39959355
1.25337E-03	8.31391372
1.25376E-03	8.24439897
1.25414E-03	8.1753748
1.25453E-03	8.10678933
1.25491E-03	8.03859683
1.25549E-03	7.95610843
1.25593E-03	7.89407279
1.25638E-03	7.82993461
1.25642E-03	7.82595985
1.25691E-03	7.77069664
1.25740E-03	7.71577482
1.25789E-03	7.66115784
1.25838E-03	7.60681357
1.25848E-03	7.59522076
1.25887E-03	7.56148363
1.25960E-03	7.49748163
1.26023E-03	7.44296277
1.26058E-03	7.41282677
1.26086E-03	7.39320168
1.26149E-03	7.34928734
1.26212E-03	7.30558765
1.26268E-03	7.26691328
1.26275E-03	7.26300452
1.26338E-03	7.22799626
1.26401E-03	7.19314073
1.26464E-03	7.15842243
1.26538E-03	7.1180731
1.26548E-03	7.11233028
1.26611E-03	7.08499261
1.26685E-03	7.05323226
1.26758E-03	7.02159187
1.26832E-03	6.99005886
1.26863E-03	6.97659497
1.26942E-03	6.9511085
1.27052E-03	6.9156116
1.27173E-03	6.87691683
1.27294E-03	6.83838668
1.27388E-03	6.80834401
1.27414E-03	6.8023393
1.27535E-03	6.77484104
1.27656E-03	6.74744809
1.27780E-03	6.7193575
1.27906E-03	6.69095925
1.28032E-03	6.66263877
1.28158E-03	6.64195882
1.28284E-03	6.62133944
1.28413E-03	6.60036375
1.28546E-03	6.5786193
1.28680E-03	6.55692214
1.28724E-03	6.54970403
1.28813E-03	6.53937325
1.28991E-03	6.51877013
1.29169E-03	6.49822515
1.29347E-03	6.47773094
1.29525E-03	6.45728088
1.29703E-03	6.43686978
1.29852E-03	6.41988914
1.29882E-03	6.41753474
1.30060E-03	6.40344077
1.30327E-03	6.38234746
1.30594E-03	6.36130437
1.30861E-03	6.34030493
1.31128E-03	6.3193427
1.31336E-03	6.30306375
1.31395E-03	6.2998038
1.31662E-03	6.28516191
1.31929E-03	6.27054452
1.32235E-03	6.25386553
1.32540E-03	6.23721047
1.32851E-03	6.22023031
1.33176E-03	6.20257787
1.33500E-03	6.18494412
1.33752E-03	6.17124197
1.33824E-03	6.16811374
1.34257E-03	6.1493676
1.34689E-03	6.13064507
1.35122E-03	6.11194355
1.35554E-03	6.09326125
1.35987E-03	6.07459681
1.36311E-03	6.06060943
1.36887E-03	6.03576614
1.37284E-03	6.01870268
1.37716E-03	6.00010345
1.38149E-03	5.98152067
1.38581E-03	5.96295493
1.39014E-03	5.9444073
1.39446E-03	5.92587905
1.39878E-03	5.907372
1.40239E-03	5.89196899
1.40311E-03	5.88789189
1.40743E-03	5.86345586
1.41176E-03	5.83904953
1.41494E-03	5.82111091
1.41800E-03	5.80388038
1.42106E-03	5.78667084
1.42412E-03	5.76948482
1.42718E-03	5.75232529
1.42752E-03	5.75042201
1.43024E-03	5.72935875
1.43305E-03	5.70766713
1.43585E-03	5.68600719
1.43874E-03	5.66372961
1.44180E-03	5.64019088
1.44384E-03	5.62453735
1.44486E-03	5.61402194
1.44775E-03	5.58429074
1.45056E-03	5.55550191
1.45243E-03	5.53635068
1.45421E-03	5.51810669
1.45540E-03	5.5059767
1.45676E-03	5.4875009
1.45846E-03	5.46445737
1.46016E-03	5.44146031
1.46186E-03	5.41851519
1.46356E-03	5.39562835
1.46526E-03	5.37280712
1.46560E-03	5.3682577
1.46696E-03	5.34456195
1.46866E-03	5.31502636
1.47036E-03	5.28558656
1.47206E-03	5.25625637
1.47240E-03	5.25041553
1.47376E-03	5.22050538
1.47504E-03	5.19255897
1.47631E-03	5.16470408
1.47759E-03	5.13695189
1.47886E-03	5.10931535
1.47920E-03	5.10198045
1.48014E-03	5.07625812
1.48141E-03	5.04133018
1.48269E-03	5.00656776
1.48396E-03	4.97199374
1.48430E-03	4.96283418
1.48524E-03	4.93223348
1.48651E-03	4.89076426
1.48770E-03	4.85233276
1.48774E-03	4.8507075
1.48889E-03	4.80711531
1.49004E-03	4.76384741
1.49080E-03	4.73520798
1.49110E-03	4.72414266
1.49157E-03	4.70329202
1.49233E-03	4.66937944
1.49310E-03	4.63569747
1.49382E-03	4.60412323
1.49450E-03	4.57464041
1.49518E-03	4.53921408
1.49586E-03	4.50406976
1.49654E-03	4.46924085
1.49722E-03	4.43476585
1.49790E-03	4.40068933
1.49858E-03	4.36053438
1.49918E-03	4.32581533
1.49994E-03	4.28182601
1.50045E-03	4.25295692
1.50071E-03	4.23872786
1.50096E-03	4.22202264
1.50147E-03	4.18906975
1.50198E-03	4.15663006
1.50249E-03	4.1247683
1.50300E-03	4.09355753
1.50364E-03	4.0555862
1.50406E-03	4.03100117
1.50449E-03	4.0070756
1.50491E-03	3.9838858
1.50534E-03	3.96151975
1.50576E-03	3.94007917
1.50619E-03	3.91968211
1.50657E-03	3.9023302
1.50691E-03	3.89195961
1.50725E-03	3.88253028
1.50759E-03	3.87414944
1.50793E-03	3.86694007
1.50802E-03	3.86546598
1.50827E-03	3.86680526
1.50861E-03	3.87006743
1.50891E-03	3.87437977
1.50895E-03	3.87608434
1.50925E-03	3.88955633
1.50950E-03	3.90270607
1.50963E-03	3.91332295
1.51001E-03	3.94828413
1.51012E-03	3.95924412
1.51027E-03	3.9794197
1.51052E-03	4.01682394
1.51061E-03	4.02996287
1.51078E-03	4.06454677
1.51103E-03	4.11867954
1.51109E-03	4.1318817
1.51127E-03	4.18095823
1.51142E-03	4.2221329
1.51149E-03	4.2480456
1.51171E-03	4.32528421
1.51174E-03	4.33450339
1.51193E-03	4.41815758
1.51206E-03	4.4744375
1.51215E-03	4.52341264
1.51238E-03	4.64253648
1.51238E-03	4.64726456
1.51260E-03	4.78569925
1.51266E-03	4.83132903
1.51282E-03	4.95069559
1.51295E-03	5.05283698
1.51301E-03	5.11473387
1.51313E-03	5.22551972
1.51318E-03	5.27824641
1.51332E-03	5.42178886
1.51335E-03	5.46172039
1.51351E-03	5.64510897
1.51352E-03	5.66783466
1.51369E-03	5.89970212
1.51386E-03	6.16416627
1.51388E-03	6.19120057
1.51403E-03	6.4619618
1.51405E-03	6.49271469
1.51420E-03	6.79998314
1.51422E-03	6.83484603
1.51436E-03	7.14537108
1.51439E-03	7.22446483
1.51449E-03	7.48574897
1.51452E-03	7.5522331
1.51463E-03	7.86588317
1.51465E-03	7.91501026
1.51476E-03	8.29015582
1.51477E-03	8.3174458
1.51490E-03	8.76498451
1.51503E-03	9.26467597
1.51504E-03	9.30134263
1.51516E-03	9.8236506
1.51517E-03	9.90461775
1.51524E-03	10.2343744
1.51531E-03	10.5906252
1.51535E-03	10.8173116
1.51543E-03	11.2882178
1.51546E-03	11.4646185
1.51554E-03	11.9894758
1.51557E-03	12.1859741
1.51565E-03	12.7722815
1.51568E-03	12.9918476
1.51576E-03	13.6406134
1.51576E-03	13.6580169
1.51585E-03	14.3875455
1.51587E-03	14.630058
1.51593E-03	15.1847153
1.51598E-03	15.7402306
1.51601E-03	16.0566758
1.51609E-03	16.987218
1.51610E-03	17.0122021
1.51617E-03	17.8987006
1.51620E-03	18.4218367
1.51625E-03	19.0716098
1.51630E-03	19.8451383
1.51634E-03	20.3683348
1.51639E-03	21.2260191
1.51642E-03	21.8056431
1.51647E-03	22.7571949
1.51651E-03	23.400298
1.51656E-03	24.4450338
1.51657E-03	24.7098673
1.51663E-03	26.1286548
1.51664E-03	26.3315949
1.51670E-03	27.6683022
1.51673E-03	28.4406054
1.51676E-03	29.3352661
1.51681E-03	30.7857569
1.51684E-03	31.5210005
1.51690E-03	33.3794173
1.51691E-03	33.6484908
1.51697E-03	35.9693277
1.51698E-03	36.1258282
1.51704E-03	38.5013059
1.51705E-03	39.013701
1.51711E-03	41.2597732
1.51713E-03	42.1909794
1.51718E-03	44.2631966
1.51721E-03	45.683676
1.51725E-03	47.5308201
1.51728E-03	49.51884
1.51731E-03	51.0824779
1.51736E-03	53.7182727
1.51738E-03	54.6873792
1.51744E-03	58.3056197
1.51750E-03	62.1946447
1.51751E-03	63.3753288
1.51756E-03	66.3561031
1.51759E-03	68.5702843
1.51762E-03	70.804576
1.51765E-03	73.8487112
1.51768E-03	75.5543877
1.51772E-03	79.5249622
1.51773E-03	80.6168277
1.51779E-03	85.6152634
1.51779E-03	86.0036114
1.51788E-03	93.8579894
1.51789E-03	95.627196
1.51795E-03	101.885501
1.51799E-03	106.643462
1.51803E-03	110.487799
1.51810E-03	118.642276
1.51810E-03	119.670914
1.51818E-03	129.452726
1.51820E-03	131.753939
1.51827E-03	142.189615
1.51830E-03	145.862195
1.51836E-03	154.489066
1.51840E-03	161.009021
1.51849E-03	174.133977
1.51855E-03	183.839594
1.51861E-03	194.309924
1.51876E-03	220.56017
1.51900E-03	261.579202
1.51915E-03	288.309264
1.51928E-03	309.017472
1.51929E-03	311.110652
1.51939E-03	327.019661
1.51940E-03	328.170111
1.51949E-03	340.158889
1.51953E-03	345.599692
1.51961E-03	355.167772
1.51963E-03	356.92303
1.51971E-03	364.794786
1.51973E-03	366.753555
1.51981E-03	373.092833
1.51983E-03	374.621905
1.51991E-03	379.117808
1.51993E-03	380.1887
1.52000E-03	382.209361
1.52004E-03	383.46833
1.52015E-03	383.9459
1.52016E-03	383.830106
1.52025E-03	381.871096
1.52026E-03	381.602251
1.52034E-03	378.317602
1.52035E-03	377.704567
1.52044E-03	371.953705
1.52047E-03	369.345381
1.52056E-03	361.433075
1.52057E-03	360.193798
1.52067E-03	349.823206
1.52068E-03	348.999301
1.52078E-03	336.365764
1.52079E-03	335.208938
1.52091E-03	318.830779
1.52094E-03	313.788537
1.52104E-03	299.803925
1.52141E-03	240.560786
1.52153E-03	222.482722
1.52156E-03	216.669239
1.52165E-03	203.191009
1.52167E-03	201.351215
1.52177E-03	186.727961
1.52178E-03	184.912274
1.52186E-03	174.638395
1.52191E-03	167.837289
1.52195E-03	163.050992
1.52201E-03	154.607959
1.52204E-03	152.11938
1.52210E-03	144.715914
1.52213E-03	141.916909
1.52218E-03	135.443485
1.52221E-03	132.395737
1.52227E-03	126.781767
1.52228E-03	125.565924
1.52235E-03	118.729951
1.52236E-03	118.353665
1.52244E-03	111.638688
1.52244E-03	111.268723
1.52251E-03	105.401897
1.52252E-03	104.375374
1.52259E-03	99.5982917
1.52261E-03	98.0197668
1.52266E-03	94.207011
1.52269E-03	92.1721609
1.52274E-03	89.2060361
1.52278E-03	86.8010135
1.52282E-03	84.5726594
1.52286E-03	81.8745278
1.52290E-03	80.0578835
1.52295E-03	77.3598276
1.52298E-03	75.6954926
1.52303E-03	73.2242243
1.52307E-03	71.7001357
1.52312E-03	69.4369455
1.52315E-03	68.0410853
1.52320E-03	65.9680815
1.52324E-03	64.6890751
1.52329E-03	62.7893425
1.52332E-03	61.631723
1.52340E-03	58.9091674
1.52341E-03	58.7793915
1.52349E-03	56.2092374
1.52351E-03	55.6364012
1.52360E-03	53.3799101
1.52362E-03	52.6923506
1.52368E-03	51.1257232
1.52373E-03	50.0387937
1.52377E-03	49.0458116
1.52384E-03	47.6396318
1.52386E-03	47.1313522
1.52398E-03	44.7865238
1.52401E-03	44.262203
1.52413E-03	42.2651686
1.52413E-03	42.1986878
1.52425E-03	40.3571189
1.52427E-03	40.0313409
1.52437E-03	38.6790682
1.52442E-03	38.0382009
1.52449E-03	37.1438114
1.52457E-03	36.101499
1.52462E-03	35.5384839
1.52474E-03	34.2375831
1.52476E-03	34.0700325
1.52490E-03	32.7422664
1.52491E-03	32.577668
1.52503E-03	31.5342811
1.52508E-03	31.0907107
1.52517E-03	30.4179749
1.52525E-03	29.7504991
1.52530E-03	29.3921009
1.52544E-03	28.4437956
1.52551E-03	27.9729314
1.52558E-03	27.5580899
1.52575E-03	26.5291406
1.52576E-03	26.4270408
1.52592E-03	25.6117574
1.52602E-03	25.0724041
1.52609E-03	24.7511408
1.52626E-03	23.9540852
1.52627E-03	23.8749182
1.52643E-03	23.2348552
1.52653E-03	22.8110103
1.52660E-03	22.5597777
1.52677E-03	21.9359433
1.52687E-03	21.5639181
1.52694E-03	21.3455609
1.52716E-03	20.6409281
1.52721E-03	20.4794762
1.52738E-03	19.9982575
1.52750E-03	19.6637653
1.52760E-03	19.4094969
1.52782E-03	18.8624383
1.52793E-03	18.5906125
1.52804E-03	18.3534981
1.52826E-03	17.8822916
1.52836E-03	17.666054
1.52848E-03	17.4441707
1.52870E-03	17.0345078
1.52880E-03	16.8621992
1.52898E-03	16.5707992
1.52923E-03	16.157207
1.52925E-03	16.1328178
1.52952E-03	15.7451248
1.52973E-03	15.4439922
1.52979E-03	15.370711
1.53006E-03	15.0377041
1.53034E-03	14.7064738
1.53037E-03	14.6652687
1.53061E-03	14.4164873
1.53088E-03	14.1335922
1.53101E-03	14.0016567
1.53122E-03	13.8179802
1.53156E-03	13.5258662
1.53190E-03	13.2353161
1.53207E-03	13.0907352
1.53224E-03	12.9710899
1.53258E-03	12.7330359
1.53292E-03	12.4960869
1.53326E-03	12.2939193
1.53360E-03	12.0926421
1.53377E-03	11.9924513
1.53403E-03	11.8622904
1.53445E-03	11.646462
1.53462E-03	11.5605223
1.53488E-03	11.4478424
1.53530E-03	11.2609124
1.53547E-03	11.1864507
1.53573E-03	11.088027
1.53615E-03	10.9246815
1.53632E-03	10.8595925
1.53658E-03	10.7748559
1.53700E-03	10.6341896
1.53751E-03	10.4660551
1.53802E-03	10.322706
1.53853E-03	10.1799325
1.53870E-03	10.1325117
1.53904E-03	10.0529794
1.53955E-03	9.93413675
1.54032E-03	9.75662766
1.54049E-03	9.7173575
1.54108E-03	9.60234987
1.54168E-03	9.48782135
1.54193E-03	9.43889666
1.54227E-03	9.3832508
1.54287E-03	9.28620308
1.54363E-03	9.16189988
1.54376E-03	9.14485756
1.54465E-03	9.02613838
1.54554E-03	8.90791645
1.54618E-03	8.82374621
1.54622E-03	8.81921757
1.54699E-03	8.73796951
1.54775E-03	8.65697484
1.54852E-03	8.57620658
1.54873E-03	8.55382731
1.54928E-03	8.50590671
1.55043E-03	8.40671561
1.55128E-03	8.3335015
1.55158E-03	8.31258878
1.55243E-03	8.25303609
1.55336E-03	8.18770012
1.55430E-03	8.12252551
1.55468E-03	8.09592247
1.55523E-03	8.06514821
1.55617E-03	8.01320046
1.55757E-03	7.9354962
1.55842E-03	7.88853581
1.55897E-03	7.86369465
1.56046E-03	7.79702422
1.56199E-03	7.72864527
1.56216E-03	7.72106671
1.56352E-03	7.67341334
1.56505E-03	7.61995215
1.56658E-03	7.56662053
1.56811E-03	7.5134022
1.56828E-03	7.50750011
1.56964E-03	7.47132734
1.57117E-03	7.43072073
1.57270E-03	7.3901918
1.57423E-03	7.3497319
1.57440E-03	7.34524319
1.57576E-03	7.3177484
1.57780E-03	7.27659083
1.57984E-03	7.23551805
1.58188E-03	7.19451906
1.58256E-03	7.18087423
1.58392E-03	7.16093186
1.58596E-03	7.13107497
1.58800E-03	7.10126893
1.59004E-03	7.07150702
1.59208E-03	7.04178339
1.59412E-03	7.0120948
1.59616E-03	6.99046079
1.60024E-03	6.94727435
1.60262E-03	6.92212579
1.60500E-03	6.89700581
1.60602E-03	6.88625034
1.60738E-03	6.87567344
1.61078E-03	6.84926904
1.61384E-03	6.82553849
1.61690E-03	6.80183561
1.61996E-03	6.77815714
1.62200E-03	6.76238594
1.62302E-03	6.75675923
1.62608E-03	6.73989856
1.62971E-03	6.71993916
1.63333E-03	6.70000091
1.63696E-03	6.68008156
1.64059E-03	6.66017891
1.64421E-03	6.64029126
1.64542E-03	6.63366661
1.64784E-03	6.62477145
1.65267E-03	6.60700018
1.65751E-03	6.58924846
1.66234E-03	6.57151426
1.66718E-03	6.55379613
1.67201E-03	6.53609292
1.67685E-03	6.51840385
1.68168E-03	6.50072844
1.68652E-03	6.48306661
1.69136E-03	6.46541853
1.69538E-03	6.45072231
1.69941E-03	6.43603732
1.70344E-03	6.4213632
1.70707E-03	6.40816702
1.71070E-03	6.39498188
1.71432E-03	6.3818091
1.71795E-03	6.36865027
1.72158E-03	6.35550742
1.72494E-03	6.34332622
1.72818E-03	6.33163448
1.73033E-03	6.32385027
1.73141E-03	6.31996363
1.73250E-03	6.31433968
1.73468E-03	6.30310348
1.73686E-03	6.29188047
1.73904E-03	6.2806725
1.74109E-03	6.27018062
1.74300E-03	6.26040374
1.74490E-03	6.25064384
1.74681E-03	6.24090256
1.74872E-03	6.23118373
1.75063E-03	6.22149148
1.75158E-03	6.2166604
1.75254E-03	6.20892759
1.75397E-03	6.19735123
1.75540E-03	6.18579717
1.75683E-03	6.17426832
1.75826E-03	6.16276836
1.75969E-03	6.15130126
1.76112E-03	6.13987212
1.76255E-03	6.12848671
1.76303E-03	6.12470834
1.76397E-03	6.11320335
1.76538E-03	6.09600371
1.76632E-03	6.08457451
1.76727E-03	6.07317887
1.76821E-03	6.06182103
1.76915E-03	6.05050542
1.77009E-03	6.03923758
1.77056E-03	6.0336288
1.77092E-03	6.02730756
1.77200E-03	6.00841501
1.77308E-03	5.98961515
1.77379E-03	5.97714137
1.77451E-03	5.96472135
1.77523E-03	5.9523613
1.77574E-03	5.94375632
1.77595E-03	5.93848464
1.77661E-03	5.92238492
1.77722E-03	5.90774749
1.77782E-03	5.89317667
1.77842E-03	5.87868031
1.77903E-03	5.86426717
1.77963E-03	5.84994727
1.77976E-03	5.84690131
1.78023E-03	5.83089541
1.78084E-03	5.81064293
1.78137E-03	5.79291233
1.78206E-03	5.77008647
1.78252E-03	5.75499446
1.78298E-03	5.7400157
1.78321E-03	5.73258945
1.78344E-03	5.7222391
1.78390E-03	5.70167962
1.78436E-03	5.68127857
1.78482E-03	5.66105588
1.78538E-03	5.63668423
1.78551E-03	5.63112619
1.78575E-03	5.61718055
1.78613E-03	5.59602449
1.78650E-03	5.57506027
1.78688E-03	5.55431067
1.78725E-03	5.53380222
1.78735E-03	5.52835426
1.78762E-03	5.50926412
1.78795E-03	5.48641157
1.78839E-03	5.45701472
1.78867E-03	5.4377096
1.78873E-03	5.43390148
1.78896E-03	5.41452389
1.78925E-03	5.39059649
1.78954E-03	5.36699818
1.78982E-03	5.34376874
1.79000E-03	5.33008004
1.79011E-03	5.31838379
1.79046E-03	5.28391896
1.79080E-03	5.25023992
1.79103E-03	5.22828901
1.79115E-03	5.21754128
1.79126E-03	5.20349964
1.79149E-03	5.17592599
1.79172E-03	5.14892465
1.79195E-03	5.12256845
1.79215E-03	5.10010256
1.79227E-03	5.08762218
1.79235E-03	5.07546137
1.79255E-03	5.0477882
1.79276E-03	5.02090657
1.79296E-03	4.99492133
1.79309E-03	4.97887167
1.79316E-03	4.9674332
1.79336E-03	4.93657025
1.79356E-03	4.90705024
1.79372E-03	4.88493442
1.79388E-03	4.86390252
1.79391E-03	4.86030166
1.79403E-03	4.83798789
1.79419E-03	4.8121184
1.79435E-03	4.78785721
1.79451E-03	4.76546279
1.79467E-03	4.74524968
1.79479E-03	4.73176083
1.79489E-03	4.72127053
1.79502E-03	4.71029564
1.79515E-03	4.70197694
1.79525E-03	4.69778995
1.79534E-03	4.69566496
1.79544E-03	4.69593814
1.79554E-03	4.69902338
1.79563E-03	4.70543006
1.79570E-03	4.71271849
1.79573E-03	4.71880797
1.79583E-03	4.74408845
1.79591E-03	4.77007077
1.79592E-03	4.77272857
1.79599E-03	4.80593944
1.79606E-03	4.84732957
1.79614E-03	4.90551856
1.79621E-03	4.96390226
1.79621E-03	4.97146902
1.79626E-03	5.02846055
1.79631E-03	5.08910877
1.79632E-03	5.10204072
1.79636E-03	5.16224437
1.79641E-03	5.23855715
1.79641E-03	5.24245944
1.79646E-03	5.33871912
1.79650E-03	5.41139329
1.79651E-03	5.44458074
1.79656E-03	5.56674013
1.79659E-03	5.6274859
1.79661E-03	5.70494159
1.79667E-03	5.85886782
1.79668E-03	5.89574265
1.79671E-03	6.00313624
1.79674E-03	6.10957844
1.79675E-03	6.16171444
1.79679E-03	6.33623344
1.79679E-03	6.35500764
1.79683E-03	6.53166249
1.79685E-03	6.63758677
1.79687E-03	6.74485023
1.79691E-03	6.95944427
1.79692E-03	6.97673625
1.79696E-03	7.23595944
1.79697E-03	7.32861836
1.79700E-03	7.51931468
1.79703E-03	7.74801175
1.79704E-03	7.82678471
1.79708E-03	8.16433304
1.79709E-03	8.22460351
1.79712E-03	8.53695372
1.79715E-03	8.76562277
1.79717E-03	8.93965827
1.79720E-03	9.34405789
1.79721E-03	9.376215
1.79725E-03	9.8579731
1.79726E-03	9.99517722
1.79729E-03	10.381573
1.79732E-03	10.7230264
1.79733E-03	10.9467863
1.79737E-03	11.5348325
1.79738E-03	11.647398
1.79743E-03	12.414785
1.79743E-03	12.4388802
1.79747E-03	13.261162
1.79748E-03	13.4469754
1.79752E-03	14.1837415
1.79754E-03	14.5640774
1.79757E-03	15.1879972
1.79760E-03	15.7991009
1.79762E-03	16.2790002
1.79765E-03	17.161571
1.79766E-03	17.4621327
1.79771E-03	18.6605847
1.79771E-03	18.7424514
1.79776E-03	20.1337693
1.79776E-03	20.1772216
1.79780E-03	21.5442022
1.79781E-03	21.6397257
1.79785E-03	23.0145724
1.79786E-03	23.6303601
1.79789E-03	24.5819887
1.79792E-03	25.5829858
1.79795E-03	26.8403045
1.79797E-03	27.6867486
1.79800E-03	29.3006234
1.79802E-03	29.9564019
1.79806E-03	31.9740949
1.79807E-03	32.3998915
1.79812E-03	34.871648
1.79812E-03	35.0250101
1.79817E-03	37.8473518
1.79818E-03	38.0077018
1.79823E-03	40.8752262
1.79823E-03	41.3924398
1.79828E-03	43.9245489
1.79829E-03	45.0375996
1.79834E-03	48.5327486
1.79835E-03	48.932292
1.79841E-03	53.1066252
1.79841E-03	53.5424411
1.79846E-03	57.5681964
1.79848E-03	58.9665203
1.79852E-03	62.3112856
1.79855E-03	64.7960977
1.79858E-03	67.3402155
1.79862E-03	71.037676
1.79864E-03	72.6580577
1.79869E-03	77.6994097
1.79870E-03	78.5579539
1.79876E-03	84.7846899
1.79876E-03	85.0876227
1.79882E-03	91.9762905
1.79883E-03	92.302034
1.79892E-03	102.965361
1.79892E-03	103.659795
1.79900E-03	112.523863
1.79901E-03	114.365706
1.79910E-03	126.020637
1.79913E-03	129.538203
1.79921E-03	140.716453
1.79926E-03	148.977044
1.79932E-03	156.970816
1.79941E-03	171.303238
1.79947E-03	180.12685
1.80000E-03	263.886759
1.80000E-03	8.51068804
2.05643E-03	8.24731309
2.18496E-03	8.11935786
2.31349E-03	8.02090723
2.57054E-03	7.83034011
2.64307E-03	7.77775487
2.82760E-03	7.6751133
3.17169E-03	7.48907384
3.25000E-03	7.44790653
3.59876E-03	7.3129718
4.00000E-03	7.16310161
4.11287E-03	7.13222244
4.62697E-03	6.99712512
5.00000E-03	6.90231003
5.14108E-03	6.87737406
5.65519E-03	6.789584
6.16930E-03	6.70446427
6.50000E-03	6.65133429
6.87199E-03	6.61202358
7.71162E-03	6.52754087
8.50000E-03	6.4518577
8.73984E-03	6.43756988
9.76806E-03	6.38036663
1.10000E-02	6.31583794
1.15000E-02	6.2911977
1.23386E-02	6.26993107
1.33668E-02	6.24582611
1.43950E-02	6.22323091
1.58584E-02	6.19314667
1.64515E-02	6.18185808
1.74797E-02	6.17156267
1.80000E-02	6.16703488
1.95361E-02	6.16422247
2.15925E-02	6.16284885
2.32634E-02	6.16321145
2.51913E-02	6.16468496
2.77618E-02	6.16839932
2.95000E-02	6.17197552
3.07500E-02	6.17872994
3.38313E-02	6.19710615
3.70000E-02	6.21713618
4.06146E-02	6.24138051
4.45000E-02	6.26845063
4.95000E-02	6.30466274
5.45000E-02	6.34196538
6.11789E-02	6.39304069
6.70000E-02	6.43848762
7.20000E-02	6.47802095
7.91727E-02	6.53587191
8.20000E-02	6.55179895
9.20000E-02	6.60880122
1.04878E-01	6.68310726
1.15160E-01	6.7428973
1.22000E-01	6.78280351
1.38295E-01	6.84415639
1.51148E-01	6.89293505
1.68628E-01	6.95975769
1.76853E-01	6.99143853
1.89706E-01	7.01931234
2.09500E-01	7.06266407
2.34500E-01	7.11792019
2.47000E-01	7.14575782
2.59500E-01	7.15948999
2.72000E-01	7.17334747
3.08460E-01	7.21463271
3.08460E-01	7.1826673
3.08492E-01	7.18256853
5.00000E-01	6.58876091
7.00000E-01	5.96825001
7.09876E-01	5.93777535
1.00000E+00	5.14267551
1.01000E+00	5.11537415
1.03000E+00	5.0701798
1.04000E+00	5.04778065
1.11000E+00	4.88965637
1.12047E+00	4.86591667
1.13000E+00	4.84466791
1.14000E+00	4.82224463
1.15000E+00	4.79978646
1.15428E+00	4.78985689
1.16000E+00	4.78085188
1.17000E+00	4.76391807
1.18055E+00	4.74423942
1.19028E+00	4.73190802
1.20000E+00	4.71555192
1.23852E+00	4.6379203
1.28700E+00	4.55858638
1.30000E+00	4.53736886
1.35856E+00	4.45250575
1.43340E+00	4.35005414
1.43340E+00	4.35005076
1.50000E+00	4.26187171
1.55000E+00	4.20195258
1.55323E+00	4.20027555
1.60000E+00	4.15087136
1.63000E+00	4.12209952
1.65000E+00	4.10252886
1.69000E+00	4.06938619
1.70000E+00	4.06107982
1.75000E+00	4.019548
1.80000E+00	3.98848118
1.85000E+00	3.9573182
1.90000E+00	3.92625729
1.95000E+00	3.90468412
2.00000E+00	3.88320889
2.02000E+00	3.87576741
2.04000E+00	3.86594914
2.06000E+00	3.85741244
2.08000E+00	3.84988561
2.10000E+00	3.84235878
2.11280E+00	3.84179207
2.50000E+00	3.7708224
2.60000E+00	3.76638848
2.70000E+00	3.76209254
2.80000E+00	3.75767827
2.90000E+00	3.75337373
3.00000E+00	3.75400151
3.50000E+00	3.75709375
3.55696E+00	3.75862567
4.00000E+00	3.77054203
4.07969E+00	3.77530761
5.00000E+00	3.83034356
6.00000E+00	3.93436112
7.00000E+00	4.03644568
7.09876E+00	4.04562076
7.20559E+00	4.05008395
8.00000E+00	4.11160797
9.00000E+00	4.13096954
1.00000E+01	4.10205907
1.10000E+01	4.03803887
1.11246E+01	4.0267576
1.20000E+01	3.94749894
1.30000E+01	3.83503481
1.31834E+01	3.8138013
1.40000E+01	3.7122644
1.50000E+01	3.58721234
1.60000E+01	3.46377416
1.62257E+01	3.43657331
1.70000E+01	3.3511234
1.78506E+01	3.25971389
1.80000E+01	3.2436536
1.80438E+01	3.23905621
1.90000E+01	3.15163003
2.00000E+01	3.07226338
