E(MeV)	mcnp/Li-7:1
1.00000E-11	23.40768068
1.15436E-11	21.78942702
1.30872E-11	20.46666144
1.61743E-11	18.41465756
1.92615E-11	16.87870267
2.23486E-11	15.67347909
2.54358E-11	14.69525005
2.85229E-11	13.880691
3.46973E-11	12.59150127
4.08716E-11	11.60730013
4.70459E-11	10.82423051
5.32202E-11	10.18198209
5.93945E-11	9.64304492
7.17431E-11	8.782742449
8.40918E-11	8.120354642
9.64404E-11	7.590184056
1.08789E-10	7.153506264
1.33486E-10	6.470674759
1.58184E-10	5.955793828
1.82881E-10	5.549902163
2.07578E-10	5.21944383
2.56973E-10	4.709293185
3.06367E-10	4.329597798
3.55762E-10	4.033172066
4.05156E-10	3.793695767
5.03945E-10	3.427256737
6.02734E-10	3.157190309
7.01523E-10	2.948012099
8.00313E-10	2.78015488
9.97891E-10	2.525468664
1.19547E-09	2.339665006
1.39305E-09	2.197045532
1.59063E-09	2.083541519
1.98578E-09	1.913216526
2.38094E-09	1.790683954
2.77609E-09	1.697829897
3.17125E-09	1.624807868
3.96156E-09	1.516960724
4.75188E-09	1.440902634
5.54219E-09	1.384274984
6.33250E-09	1.340434719
7.91313E-09	1.276933411
9.49375E-09	1.233121248
1.10744E-08	1.201043655
1.26550E-08	1.176520553
1.58163E-08	1.141437593
1.89775E-08	1.117480404
2.21388E-08	1.100028875
2.53000E-08	1.086715838
2.99688E-08	1.071923696
3.46375E-08	1.06090004
3.93063E-08	1.052339889
4.39750E-08	1.045482682
5.33125E-08	1.035144521
6.26500E-08	1.02768913
7.19875E-08	1.02203972
8.13250E-08	1.017604214
1.00000E-07	1.011085504
1.14063E-07	1.007524403
1.28125E-07	1.004717722
1.56250E-07	1.000576903
1.84375E-07	0.99767201
2.12500E-07	0.995534516
2.40625E-07	0.993911777
2.68750E-07	0.992651116
3.25000E-07	0.990853546
3.81250E-07	0.989683856
4.37500E-07	0.988919553
4.93750E-07	0.988434265
5.50000E-07	0.988149503
6.62500E-07	0.987979397
7.75000E-07	0.988160047
8.87500E-07	0.988536789
1.00000E-06	0.988803336
1.14063E-06	0.988683321
1.28125E-06	0.988457735
1.56250E-06	0.988226238
1.84375E-06	0.988211257
2.12500E-06	0.988339184
2.40625E-06	0.98856441
2.68750E-06	0.988862003
3.25000E-06	0.989596419
3.81250E-06	0.990454641
4.37500E-06	0.991396202
4.93750E-06	0.992395485
5.50000E-06	0.993438066
6.62500E-06	0.995608688
7.75000E-06	0.997856202
8.87500E-06	1.000155838
1.00000E-05	1.00227779
1.14063E-05	1.002774893
1.28125E-05	1.003105332
1.56250E-05	1.00382623
1.84375E-05	1.004599947
2.12500E-05	1.005408533
2.40625E-05	1.006241198
2.68750E-05	1.007091598
3.25000E-05	1.008828393
3.81250E-05	1.01059753
4.37500E-05	1.012388334
4.93750E-05	1.014194319
5.50000E-05	1.016011565
6.62500E-05	1.019669322
7.75000E-05	1.023348209
8.87500E-05	1.02704134
1.00000E-04	1.030639838
1.14063E-04	1.031157083
1.28125E-04	1.031581904
1.56250E-04	1.032450844
1.84375E-04	1.033336778
2.12500E-04	1.034233793
2.40625E-04	1.035138456
2.68750E-04	1.036048685
3.25000E-04	1.03788062
4.37500E-04	1.041571898
4.93750E-04	1.043425708
6.62500E-04	1.049004912
7.75000E-04	1.052733411
1.00000E-03	1.060165929
1.56250E-03	1.060169878
2.12500E-03	1.060147831
3.25000E-03	1.060115872
4.37500E-03	1.060091209
6.62500E-03	1.060050995
1.25000E-02	1.058116112
2.00000E-02	1.05248088
3.00000E-02	1.044982319
4.47560E-02	1.033927746
7.00000E-02	1.007999708
1.20000E-01	0.980255152
1.40000E-01	0.985862694
1.50000E-01	0.997340955
1.60000E-01	1.023406421
1.80000E-01	1.089323355
2.00000E-01	1.391897965
2.10000E-01	1.682973162
2.20000E-01	2.031179715
2.30000E-01	3.178720452
2.40000E-01	5.062075712
2.50000E-01	8.943717127
2.60000E-01	11.76888407
2.70000E-01	9.355807085
2.80000E-01	6.223958658
2.90000E-01	4.438862767
3.00000E-01	3.20647774
3.10000E-01	2.643500243
3.20000E-01	2.182578151
3.30000E-01	1.850828019
3.40000E-01	1.676288896
3.80000E-01	1.336240406
4.00000E-01	1.240510085
4.24159E-01	1.178284466
4.50000E-01	1.111803896
5.00000E-01	1.034299991
5.46277E-01	1.021508957
5.50000E-01	1.020922783
6.00000E-01	1.026139
6.50000E-01	1.045468831
7.00000E-01	1.072876679
7.50000E-01	1.124711541
8.00000E-01	1.199509415
8.50000E-01	1.282129299
9.00000E-01	1.368411192
9.50000E-01	1.463411092
1.00000E+00	1.554525
1.05000E+00	1.621001982
1.10000E+00	1.665287965
1.15000E+00	1.691527948
1.20000E+00	1.703864933
1.25000E+00	1.709654918
1.30000E+00	1.713351903
1.40000E+00	1.713635876
1.50000E+00	1.700503851
1.60000E+00	1.679864828
1.70000E+00	1.665230806
1.80000E+00	1.670117786
1.90000E+00	1.694054767
2.00000E+00	1.725490748
2.10000E+00	1.761323731
2.20000E+00	1.798448715
2.30000E+00	1.838049699
2.40000E+00	1.880270684
2.50000E+00	1.92045067
2.60000E+00	1.953927657
2.70000E+00	1.978916643
2.80000E+00	1.998388631
2.82131E+00	2.002060828
2.90000E+00	2.014813619
3.00000E+00	2.030661607
3.10000E+00	2.044680596
3.14540E+00	2.049856391
3.20000E+00	2.05599321
3.30000E+00	2.067637291
3.40000E+00	2.082649167
3.50000E+00	2.106851684
3.60000E+00	2.141756263
3.70000E+00	2.183924525
3.71720E+00	2.191494783
3.71724E+00	2.191511861
3.80000E+00	2.229924087
3.90000E+00	2.287210054
4.00000E+00	2.356555719
4.10000E+00	2.424499411
4.20000E+00	2.477573493
4.28910E+00	2.506766766
4.28912E+00	2.506768149
4.30000E+00	2.509327056
4.40000E+00	2.528889178
4.50000E+00	2.54164323
4.60000E+00	2.542745563
4.70000E+00	2.527189846
4.80000E+00	2.496727789
4.86100E+00	2.472474374
4.86101E+00	2.472470664
4.90000E+00	2.456075332
5.00000E+00	2.409944435
5.10000E+00	2.346061639
5.20000E+00	2.263454632
5.29564E+00	2.186917156
5.30000E+00	2.183786348
5.35000E+00	2.151824388
5.40000E+00	2.12872241
5.43290E+00	2.118970928
5.45000E+00	2.115569414
5.50000E+00	2.110616037
5.55000E+00	2.112311217
5.60000E+00	2.119101398
5.70000E+00	2.149105792
5.80000E+00	2.175080386
5.90000E+00	2.180516881
6.00000E+00	2.170677365
6.00480E+00	2.169572495
6.25000E+00	2.112040472
6.50000E+00	2.054726959
6.57670E+00	2.039015835
6.75000E+00	2.005213417
7.00000E+00	1.956599627
7.14850E+00	1.928041939
7.14854E+00	1.928031943
7.25000E+00	1.908673026
7.50000E+00	1.867706302
7.72040E+00	1.850971073
7.72042E+00	1.850968609
7.75000E+00	1.849286605
8.00000E+00	1.837010288
8.25000E+00	1.812468264
8.29230E+00	1.808189468
8.29231E+00	1.808188627
8.29288E+00	1.808130846
8.50000E+00	1.789683084
8.75000E+00	1.774945283
8.86420E+00	1.768666814
8.86786E+00	1.76845525
9.00000E+00	1.759469662
9.25000E+00	1.739485585
9.43610E+00	1.72462777
9.50000E+00	1.71955591
9.75000E+00	1.699975357
9.97823E+00	1.682164463
1.00000E+01	1.680466935
1.00080E+01	1.679844401
1.01403E+01	1.669577284
1.02660E+01	1.659864501
1.03857E+01	1.650648845
1.05000E+01	1.641885671
1.05800E+01	1.635814645
1.07946E+01	1.621129777
1.10000E+01	1.607133772
1.11520E+01	1.59867563
1.14123E+01	1.587213303
1.15000E+01	1.583941277
1.17240E+01	1.575507264
1.20000E+01	1.564322944
1.22950E+01	1.55007399
1.22955E+01	1.550034625
1.25000E+01	1.539576525
1.25226E+01	1.538416619
1.25226E+01	1.538414534
1.28670E+01	1.520492769
1.28674E+01	1.520459317
1.30000E+01	1.512560483
1.34390E+01	1.480878069
1.34393E+01	1.480852168
1.35000E+01	1.476478779
1.40000E+01	1.441655107
1.40110E+01	1.440992125
1.40111E+01	1.44098158
1.45000E+01	1.416234987
1.45830E+01	1.412228981
1.45830E+01	1.412226873
1.50000E+01	1.392190963
1.51550E+01	1.384845073
1.55000E+01	1.36861101
1.57270E+01	1.358043993
1.60000E+01	1.345729999
1.62990E+01	1.332745963
1.65000E+01	1.324084996
1.68710E+01	1.308199031
1.70000E+01	1.302624045
1.74420E+01	1.282876038
1.74424E+01	1.282850988
1.75000E+01	1.28028099
1.80000E+01	1.258309061
1.80140E+01	1.257727964
1.80143E+01	1.257714839
1.85000E+01	1.242557924
1.85860E+01	1.240164009
1.85862E+01	1.240156416
1.90000E+01	1.228822972
1.91580E+01	1.223646982
1.91581E+01	1.223643117
1.95000E+01	1.211653061
1.97300E+01	1.203315011
2.00000E+01	1.193289969
