E (MeV)	Na-23	
1.00000E-11	67.3538	
1.15478E-11	62.8103	
1.19336E-11	61.6778	
1.28125E-11	59.6588	
1.38672E-11	57.236	
1.49977E-11	55.1323	
1.58008E-11	53.638	
1.68859E-11	51.9593	
1.77344E-11	50.6467	
2.09443E-11	46.7241	
2.16016E-11	45.921	
2.30940E-11	44.5312	
2.54688E-11	42.3198	
2.68750E-11	41.2793	
2.93359E-11	39.4585	
3.00518E-11	39.0246	
3.32031E-11	37.1145	
3.49250E-11	36.3031	
4.09375E-11	33.47	
4.37500E-11	32.4761	
4.86719E-11	30.7368	
4.94239E-11	30.5281	
5.64063E-11	28.59	
5.89458E-11	28.0176	
6.41406E-11	26.8466	
6.72728E-11	26.2586	
7.18750E-11	25.3947	
7.75000E-11	24.5594	
8.61866E-11	23.2693	
8.73438E-11	23.0975	
1.00000E-10	21.6638	
1.02813E-10	21.3452	
1.15478E-10	20.205	
1.18281E-10	19.9526	
1.28125E-10	19.2269	
1.33750E-10	18.8121	
1.49977E-10	17.8831	
1.64688E-10	17.0409	
1.68859E-10	16.8622	
1.95625E-10	15.7154	
2.09443E-10	15.2517	
2.26563E-10	14.6771	
2.30940E-10	14.5581	
2.57500E-10	13.8363	
2.68750E-10	13.6019	
3.00518E-10	12.94	
3.19375E-10	12.5471	
3.49250E-10	12.0877	
3.81250E-10	11.5956	
4.37500E-10	10.9252	
4.43125E-10	10.8581	
4.94239E-10	10.3693	
5.05000E-10	10.2664	
5.89458E-10	9.65376	
6.28750E-10	9.36877	
6.72728E-10	9.13622	
7.52500E-10	8.71441	
7.75000E-10	8.62316	
8.61866E-10	8.27086	
8.76250E-10	8.21252	
1.00000E-09	7.81333	
1.14063E-09	7.44703	
1.15478E-09	7.41691	
1.28125E-09	7.14778	
1.49977E-09	6.78898	
1.56250E-09	6.68598	
1.68859E-09	6.53278	
1.84375E-09	6.34426	
2.09443E-09	6.10854	
2.12500E-09	6.0798	
2.40625E-09	5.86822	
2.53093E-09	5.79123	
2.68750E-09	5.69454	
2.77371E-09	5.65324	
3.25000E-09	5.42505	
3.25596E-09	5.42292	
3.81250E-09	5.22427	
3.98331E-09	5.17677	
4.37500E-09	5.06785	
4.94239E-09	4.95182	
5.50000E-09	4.8378	
6.62500E-09	4.67482	
7.42813E-09	4.58712	
7.75000E-09	4.55198	
8.61866E-09	4.47732	
8.87500E-09	4.45529	
1.00000E-08	4.37667	
1.19125E-08	4.27129	
1.24303E-08	4.24925	
1.38250E-08	4.18988	
1.48471E-08	4.15498	
1.57375E-08	4.12457	
1.69633E-08	4.09004	
1.76500E-08	4.07069	
2.00000E-08	4.01895	
2.14750E-08	3.98647	
2.21899E-08	3.97466	
2.50000E-08	3.92825	
2.53000E-08	3.92329	
2.89750E-08	3.87565	
3.00421E-08	3.8644	
3.26500E-08	3.8369	
3.50000E-08	3.81775	
4.00000E-08	3.77701	
4.75000E-08	3.73124	
4.94146E-08	3.72203	
5.50000E-08	3.69516	
6.00000E-08	3.67547	
6.25000E-08	3.66563	
6.76539E-08	3.64851	
7.00000E-08	3.64072	
7.53077E-08	3.62648	
8.50000E-08	3.60048	
8.61832E-08	3.59802	
9.06155E-08	3.58878	
1.00000E-07	3.56924	
1.15478E-07	3.54487	
1.21231E-07	3.53581	
1.25000E-07	3.52988	
1.40851E-07	3.51071	
1.50000E-07	3.49965	
1.55697E-07	3.49406	
1.68859E-07	3.48115	
1.75000E-07	3.47513	
1.88714E-07	3.46442	
2.00000E-07	3.45561	
2.09443E-07	3.4502	
2.37500E-07	3.43414	
2.37970E-07	3.43393	
2.75000E-07	3.41752	
2.91444E-07	3.41137	
3.12500E-07	3.40351	
3.49250E-07	3.39166	
3.50000E-07	3.39142	
3.98331E-07	3.37818	
4.25000E-07	3.37088	
4.46904E-07	3.36588	
5.00000E-07	3.35377	
5.16021E-07	3.35077	
6.01012E-07	3.33484	
6.25000E-07	3.33035	
7.00000E-07	3.31841	
7.50000E-07	3.31046	
8.37046E-07	3.29817	
8.61866E-07	3.29467	
8.75000E-07	3.29281	
1.00000E-06	3.27818	
1.10668E-06	3.27226	
1.14063E-06	3.27037	
1.28125E-06	3.26485	
1.28842E-06	3.26462	
1.54849E-06	3.25619	
1.56250E-06	3.25573	
1.75982E-06	3.25052	
1.84375E-06	3.24831	
2.00000E-06	3.24483	
2.12500E-06	3.24204	
2.21336E-06	3.24032	
2.40625E-06	3.23657	
2.50000E-06	3.23494	
2.68750E-06	3.2317	
3.00000E-06	3.22695	
3.25000E-06	3.22315	
3.50000E-06	3.21983	
3.81250E-06	3.21569	
4.00000E-06	3.21344	
4.37500E-06	3.20896	
4.47214E-06	3.20789	
4.93750E-06	3.20275	
5.00000E-06	3.20211	
5.50000E-06	3.19694	
6.00000E-06	3.19212	
6.62500E-06	3.1861	
7.00000E-06	3.18273	
7.75000E-06	3.17599	
8.87500E-06	3.16638	
9.00000E-06	3.1654	
1.00000E-05	3.15756	
1.09051E-05	3.15662	
1.19410E-05	3.15556	
1.25000E-05	3.15498	
1.42189E-05	3.15398	
1.50000E-05	3.15353	
1.54849E-05	3.15333	
1.75000E-05	3.15253	
1.75982E-05	3.1525	
2.00000E-05	3.15184	
2.21336E-05	3.15151	
2.38820E-05	3.15124	
2.50000E-05	3.15107	
2.67668E-05	3.15098	
3.00000E-05	3.15081	
3.22371E-05	3.15083	
3.46410E-05	3.15086	
3.50000E-05	3.15087	
4.00000E-05	3.15115	
4.42673E-05	3.15156	
4.77639E-05	3.1519	
5.00000E-05	3.15212	
5.47723E-05	3.15189	
6.00000E-05	3.15164	
6.25000E-05	3.15152	
6.48074E-05	3.15146	
7.00000E-05	3.15132	
7.50000E-05	3.15119	
8.00000E-05	3.15114	
8.48528E-05	3.15108	
8.75000E-05	3.15106	
9.00000E-05	3.15106	
9.48683E-05	3.15107	
1.00000E-04	3.15109	
1.09051E-04	3.15283	
1.17640E-04	3.15449	
1.25000E-04	3.15591	
1.25708E-04	3.15605	
1.35426E-04	3.15802	
1.50000E-04	3.16096	
1.53190E-04	3.16159	
1.64576E-04	3.16383	
1.72144E-04	3.16533	
1.75000E-04	3.16589	
1.85550E-04	3.16801	
2.00000E-04	3.17091	
2.20000E-04	3.17632	
2.29783E-04	3.17896	
2.40000E-04	3.18173	
2.44411E-04	3.18292	
2.47979E-04	3.18388	
2.50000E-04	3.18443	
2.50745E-04	3.18463	
2.52884E-04	3.18522	
2.54645E-04	3.1857	
2.55973E-04	3.18606	
2.60000E-04	3.18716	
2.62420E-04	3.18782	
2.64555E-04	3.18841	
2.66438E-04	3.18892	
2.69815E-04	3.18984	
2.72131E-04	3.19048	
2.74077E-04	3.19101	
2.75546E-04	3.19141	
2.80000E-04	3.19263	
2.86720E-04	3.19446	
2.92456E-04	3.19603	
3.00000E-04	3.19809	
3.05837E-04	3.19996	
3.11037E-04	3.20162	
3.15660E-04	3.20309	
3.24037E-04	3.20577	
3.30248E-04	3.20775	
3.35079E-04	3.20929	
3.42458E-04	3.21165	
3.50000E-04	3.21406	
3.62284E-04	3.21747	
3.75000E-04	3.22101	
3.80000E-04	3.22239	
3.84968E-04	3.22378	
3.90000E-04	3.22517	
3.93750E-04	3.22622	
3.94375E-04	3.22639	
3.95000E-04	3.22656	
3.95622E-04	3.22674	
3.96166E-04	3.22689	
3.96643E-04	3.22702	
3.97480E-04	3.22725	
3.98109E-04	3.22743	
3.99290E-04	3.22775	
4.00000E-04	3.22795	
4.01712E-04	3.22852	
4.03147E-04	3.229	
4.04073E-04	3.2293	
4.04536E-04	3.22946	
4.05000E-04	3.22961	
4.05374E-04	3.22973	
4.05749E-04	3.22986	
4.06497E-04	3.23011	
4.09000E-04	3.23094	
4.09500E-04	3.2311	
4.10000E-04	3.23127	
4.10602E-04	3.23147	
4.12049E-04	3.23195	
4.12416E-04	3.23207	
4.12739E-04	3.23218	
4.13303E-04	3.23236	
4.13726E-04	3.2325	
4.14044E-04	3.23261	
4.14522E-04	3.23277	
4.15000E-04	3.23292	
4.15311E-04	3.23303	
4.15622E-04	3.23313	
4.16244E-04	3.23334	
4.18118E-04	3.23396	
4.19059E-04	3.23427	
4.20000E-04	3.23458	
4.20921E-04	3.23489	
4.34741E-04	3.23947	
4.50000E-04	3.24453	
4.62011E-04	3.24851	
4.78262E-04	3.2539	
4.89010E-04	3.25746	
5.00000E-04	3.26111	
5.05730E-04	3.26344	
5.16652E-04	3.2679	
5.21504E-04	3.26988	
5.30725E-04	3.27364	
5.42797E-04	3.27857	
5.55694E-04	3.28383	
5.64131E-04	3.28727	
5.72892E-04	3.29084	
5.87194E-04	3.29668	
6.00000E-04	3.3019	
6.11673E-04	3.30968	
6.22074E-04	3.31661	
6.32651E-04	3.32365	
6.48855E-04	3.33445	
6.66000E-04	3.34587	
6.80365E-04	3.35544	
7.00000E-04	3.36852	
7.04875E-04	3.37176	
7.23762E-04	3.38951	
7.49113E-04	3.41334	
7.70513E-04	3.43345	
7.80524E-04	3.44286	
8.00000E-04	3.46117	
8.09750E-04	3.47033	
8.48528E-04	3.51671	
9.00000E-04	3.57828	
9.44638E-04	3.63167	
9.89600E-04	3.70102	
1.00000E-03	3.72105	
1.04664E-03	3.81088	
1.12070E-03	3.95354	
1.13000E-03	3.97146	
1.20000E-03	4.15979	
1.24920E-03	4.29216	
1.30000E-03	4.47496	
1.34907E-03	4.65156	
1.36960E-03	4.72543	
1.40000E-03	4.86348	
1.43990E-03	5.04467	
1.44914E-03	5.09703	
1.50000E-03	5.38535	
1.51020E-03	5.44317	
1.56980E-03	5.83905	
1.60000E-03	6.08391	
1.62940E-03	6.32228	
1.65000E-03	6.53397	
1.68005E-03	6.84277	
1.70000E-03	7.08484	
1.73070E-03	7.45735	
1.78640E-03	8.30476	
1.80000E-03	8.55315	
1.84209E-03	9.32162	
1.85000E-03	9.49613	
1.89779E-03	10.5505	
1.90000E-03	10.6101	
1.95000E-03	11.9549	
1.95348E-03	12.0486	
1.96238E-03	12.3433	
1.98110E-03	12.963	
2.00000E-03	13.5887	
2.00918E-03	13.8925	
2.06487E-03	16.1868	
2.12057E-03	19.0727	
2.14842E-03	20.7977	
2.17627E-03	22.7567	
2.20411E-03	24.9866	
2.23196E-03	27.5357	
2.25000E-03	29.4315	
2.25981E-03	30.4623	
2.28766E-03	33.8379	
2.31005E-03	36.9846	
2.31550E-03	37.7503	
2.34335E-03	42.3083	
2.37120E-03	47.6466	
2.39905E-03	53.9325	
2.40315E-03	55.0292	
2.42689E-03	61.3745	
2.45474E-03	70.2333	
2.48259E-03	80.8308	
2.50000E-03	88.7903	
2.51044E-03	93.5624	
2.53829E-03	108.902	
2.56613E-03	127.398	
2.59398E-03	149.633	
2.62183E-03	176.121	
2.64535E-03	202.026	
2.66887E-03	231.054	
2.71592E-03	294.849	
2.73861E-03	324.715	
2.73944E-03	325.797	
2.76296E-03	352.197	
2.78648E-03	370.651	
2.81000E-03	378.54	
2.83352E-03	374.925	
2.85704E-03	360.877	
2.88056E-03	338.94	
2.95113E-03	255.989	
2.97465E-03	229.648	
2.99817E-03	205.662	
3.00000E-03	204.015	
3.02490E-03	181.606	
3.02583E-03	180.771	
3.05000E-03	162.042	
3.05348E-03	159.346	
3.08114E-03	141.063	
3.10000E-03	130.452	
3.10879E-03	125.508	
3.13645E-03	112.267	
3.15000E-03	106.728	
3.16410E-03	100.967	
3.17490E-03	97.1861	
3.19176E-03	91.2874	
3.20000E-03	88.8042	
3.21941E-03	82.9581	
3.24707E-03	75.7562	
3.24962E-03	75.1791	
3.27472E-03	69.4976	
3.30000E-03	64.5012	
3.30238E-03	64.0315	
3.33003E-03	59.2341	
3.35769E-03	55.0036	
3.38534E-03	51.2559	
3.40000E-03	49.4885	
3.41300E-03	47.9215	
3.44065E-03	44.9477	
3.49596E-03	39.8742	
3.50000E-03	39.5715	
3.55127E-03	35.7282	
3.60000E-03	32.7084	
3.60658E-03	32.3005	
3.66189E-03	29.4329	
3.70000E-03	27.7627	
3.71720E-03	27.0087	
3.77251E-03	24.9395	
3.82782E-03	23.1582	
3.84708E-03	22.6202	
3.88314E-03	21.6126	
3.93845E-03	20.2621	
3.99376E-03	19.0743	
4.00000E-03	18.9556	
4.04907E-03	18.0233	
4.14531E-03	16.4826	
4.15000E-03	16.4076	
4.15311E-03	16.3578	
4.15622E-03	16.3081	
4.15969E-03	16.2525	
4.16167E-03	16.2257	
4.17122E-03	16.0962	
4.17839E-03	15.9988	
4.18379E-03	15.9257	
4.19188E-03	15.8159	
4.20000E-03	15.7058	
4.21500E-03	15.5024	
4.22180E-03	15.423	
4.23588E-03	15.2588	
4.25000E-03	15.0941	
4.27250E-03	14.8317	
4.27625E-03	14.7879	
4.27813E-03	14.7661	
4.28000E-03	14.7442	
4.28250E-03	14.7151	
4.29000E-03	14.6276	
4.29508E-03	14.5684	
4.29631E-03	14.554	
4.29815E-03	14.5325	
4.30000E-03	14.5109	
4.30155E-03	14.4929	
4.30309E-03	14.4748	
4.30619E-03	14.4388	
4.32323E-03	14.2399	
4.32562E-03	14.2121	
4.34230E-03	14.0513	
4.35665E-03	13.9128	
4.37827E-03	13.7043	
4.40000E-03	13.4948	
4.43624E-03	13.1453	
4.54686E-03	12.252	
4.65748E-03	11.495	
4.70000E-03	11.2459	
4.76810E-03	10.847	
4.88730E-03	10.2467	
5.00000E-03	9.75734	
5.00650E-03	9.72911	
5.17930E-03	9.10818	
5.24405E-03	8.91596	
5.35210E-03	8.59515	
5.49213E-03	8.26021	
5.50000E-03	8.24392	
5.53065E-03	8.18054	
5.55760E-03	8.12479	
5.58129E-03	8.07579	
5.62361E-03	7.98827	
5.63215E-03	7.97061	
5.65251E-03	7.93623	
5.67673E-03	7.89535	
5.69496E-03	7.86457	
5.75000E-03	7.77165	
5.80764E-03	7.67434	
5.83135E-03	7.63432	
5.87367E-03	7.56287	
5.91220E-03	7.49782	
5.92826E-03	7.47444	
5.96402E-03	7.42239	
6.00000E-03	7.37002	
6.06155E-03	7.28044	
6.09693E-03	7.22894	
6.10812E-03	7.21587	
6.17865E-03	7.13352	
6.25000E-03	7.05022	
6.46638E-03	6.79758	
6.55798E-03	6.71114	
6.65110E-03	6.62327	
6.75000E-03	6.5432	
6.78076E-03	6.5183	
6.80778E-03	6.49642	
6.83152E-03	6.4772	
6.87325E-03	6.44341	
6.90472E-03	6.41793	
6.92842E-03	6.39875	
7.00000E-03	6.34079	
7.05781E-03	6.29399	
7.10239E-03	6.25789	
7.10400E-03	6.25659	
7.13901E-03	6.23478	
7.16660E-03	6.2176	
7.18736E-03	6.20467	
7.21861E-03	6.1852	
7.25000E-03	6.16564	
7.50029E-03	6.00973	
7.55690E-03	5.97888	
7.58680E-03	5.96226	
7.59427E-03	5.9583	
7.59801E-03	5.95648	
7.59988E-03	5.9557	
7.60175E-03	5.9552	
7.60362E-03	5.95561	
7.60455E-03	5.95662	
7.60548E-03	5.95861	
7.60735E-03	5.96777	
7.60922E-03	5.98843	
7.61109E-03	6.02452	
7.61296E-03	6.07257	
7.61530E-03	6.12612	
7.61700E-03	6.13993	
7.61823E-03	6.13926	
7.62009E-03	6.13129	
7.62288E-03	6.09349	
7.62475E-03	6.0184	
7.62661E-03	5.98021	
7.62847E-03	5.95738	
7.62940E-03	5.94603	
7.63033E-03	5.94296	
7.63219E-03	5.9409	
7.63405E-03	5.9384	
7.63591E-03	5.93683	
7.63963E-03	5.93556	
7.64707E-03	5.93328	
7.67684E-03	5.92903	
7.73638E-03	5.91285	
7.75000E-03	5.87505	
7.78082E-03	5.86045	
7.83504E-03	5.83474	
7.90679E-03	5.80074	
7.95326E-03	5.77871	
7.98831E-03	5.7621	
8.00000E-03	5.75656	
8.01243E-03	5.75067	
8.02333E-03	5.7455	
8.03287E-03	5.74098	
8.04960E-03	5.73305	
8.06217E-03	5.72709	
8.09360E-03	5.71219	
8.14921E-03	5.69167	
8.16174E-03	5.68705	
8.18372E-03	5.67894	
8.20024E-03	5.67284	
8.23130E-03	5.66138	
8.24533E-03	5.65621	
8.25000E-03	5.65448	
8.25623E-03	5.65218	
8.26169E-03	5.65017	
8.27125E-03	5.64664	
8.28382E-03	5.642	
8.29595E-03	5.63753	
8.30000E-03	5.63603	
8.30309E-03	5.63489	
8.30618E-03	5.63375	
8.31236E-03	5.63147	
8.32397E-03	5.62719	
8.33486E-03	5.62317	
8.34509E-03	5.61939	
8.35469E-03	5.61585	
8.36370E-03	5.61253	
8.38008E-03	5.60648	
8.38753E-03	5.60373	
8.40151E-03	5.59858	
8.41376E-03	5.59406	
8.42449E-03	5.5901	
8.43389E-03	5.58663	
8.44934E-03	5.58093	
8.46198E-03	5.57626	
8.47147E-03	5.57276	
8.48572E-03	5.5675	
8.49286E-03	5.56487	
8.50000E-03	5.56223	
8.50762E-03	5.55942	
8.56095E-03	5.53974	
8.66866E-03	5.49999	
8.75033E-03	5.46986	
8.87429E-03	5.42412	
8.91403E-03	5.40945	
9.00000E-03	5.38681	
9.50000E-03	5.25508	
9.94640E-03	5.13748	
1.00000E-02	5.12825	
1.04664E-02	5.04791	
1.11116E-02	4.93675	
1.18713E-02	4.80589	
1.20000E-02	4.7929	
1.24900E-02	4.74345	
1.30000E-02	4.69199	
1.32431E-02	4.66746	
1.34907E-02	4.64247	
1.37112E-02	4.62022	
1.40000E-02	4.59108	
1.44922E-02	4.54142	
1.44961E-02	4.54102	
1.45000E-02	4.54063	
1.45062E-02	4.54	
1.45179E-02	4.53882	
1.45282E-02	4.53779	
1.45371E-02	4.53688	
1.45518E-02	4.5354	
1.45639E-02	4.53418	
1.45729E-02	4.53327	
1.45797E-02	4.53259	
1.45898E-02	4.53156	
1.46000E-02	4.53054	
1.46062E-02	4.52991	
1.46499E-02	4.5255	
1.46937E-02	4.52108	
1.47000E-02	4.52045	
1.47062E-02	4.51982	
1.47125E-02	4.51919	
1.47234E-02	4.51809	
1.47329E-02	4.51712	
1.47413E-02	4.51664	
1.47486E-02	4.51623	
1.47615E-02	4.51551	
1.47711E-02	4.51496	
1.48000E-02	4.51334	
1.48031E-02	4.51316	
1.48062E-02	4.51299	
1.48249E-02	4.51194	
1.48437E-02	4.51088	
1.48577E-02	4.51009	
1.49000E-02	4.50771	
1.49282E-02	4.50613	
1.49371E-02	4.50563	
1.49518E-02	4.5048	
1.49639E-02	4.50412	
1.49729E-02	4.50362	
1.49797E-02	4.50324	
1.49898E-02	4.50266	
1.49949E-02	4.50238	
1.50000E-02	4.50209	
1.50046E-02	4.50183	
1.50093E-02	4.50157	
1.50372E-02	4.5	
1.51025E-02	4.49633	
1.51516E-02	4.49357	
1.51886E-02	4.49149	
1.52442E-02	4.48836	
1.53000E-02	4.48522	
1.56500E-02	4.46554	
1.60000E-02	4.44586	
1.60498E-02	4.44307	
1.61153E-02	4.43938	
1.61576E-02	4.437	
1.62000E-02	4.43462	
1.63000E-02	4.429	
1.64000E-02	4.42337	
1.64997E-02	4.41777	
1.66000E-02	4.41213	
1.66872E-02	4.40722	
1.67435E-02	4.40406	
1.68000E-02	4.40088	
1.68875E-02	4.39596	
1.69000E-02	4.39526	
1.69062E-02	4.39491	
1.69125E-02	4.39456	
1.69343E-02	4.39333	
1.69630E-02	4.39171	
1.69815E-02	4.39068	
1.69908E-02	4.39016	
1.70000E-02	4.38964	
1.70062E-02	4.38929	
1.70179E-02	4.38863	
1.70282E-02	4.38805	
1.70371E-02	4.38755	
1.70518E-02	4.38672	
1.70579E-02	4.38638	
1.70684E-02	4.38579	
1.70822E-02	4.38501	
1.70956E-02	4.38426	
1.71000E-02	4.38401	
1.71063E-02	4.38366	
1.71500E-02	4.3812	
1.72000E-02	4.37839	
1.72437E-02	4.37593	
1.73000E-02	4.37277	
1.73176E-02	4.37178	
1.73278E-02	4.3712	
1.73369E-02	4.37069	
1.73447E-02	4.37025	
1.73577E-02	4.36952	
1.73682E-02	4.36893	
1.73762E-02	4.36848	
1.73821E-02	4.36815	
1.73911E-02	4.36765	
1.73955E-02	4.3674	
1.74000E-02	4.36714	
1.74046E-02	4.36688	
1.74093E-02	4.36662	
1.76975E-02	4.35042	
1.80000E-02	4.33341	
1.89340E-02	4.28089	
1.90000E-02	4.2787	
2.00000E-02	4.24552	
2.17127E-02	4.18869	
2.20000E-02	4.18376	
2.22459E-02	4.17954	
2.27142E-02	4.1715	
2.30000E-02	4.16659	
2.31227E-02	4.16449	
2.33390E-02	4.16078	
2.35025E-02	4.15797	
2.38122E-02	4.15265	
2.40000E-02	4.14943	
2.41486E-02	4.14688	
2.42607E-02	4.14495	
2.44298E-02	4.14205	
2.46000E-02	4.13913	
2.46994E-02	4.13742	
2.48492E-02	4.13485	
2.50000E-02	4.13226	
2.51992E-02	4.12885	
2.54000E-02	4.1254	
2.54994E-02	4.12369	
2.55742E-02	4.12241	
2.56869E-02	4.12047	
2.58000E-02	4.11853	
2.58998E-02	4.11682	
2.59875E-02	4.11532	
2.59937E-02	4.11521	
2.60000E-02	4.1151	
2.60062E-02	4.11499	
2.60250E-02	4.11467	
2.60437E-02	4.11435	
2.60718E-02	4.11387	
2.61000E-02	4.11338	
2.62000E-02	4.11167	
2.62712E-02	4.11044	
2.62998E-02	4.11018	
2.64000E-02	4.10925	
2.66000E-02	4.10739	
2.66499E-02	4.10692	
2.67248E-02	4.10623	
2.68000E-02	4.10553	
2.68499E-02	4.10506	
2.68873E-02	4.10471	
2.69436E-02	4.10419	
2.70000E-02	4.10367	
2.72489E-02	4.10135	
2.75000E-02	4.09902	
2.80000E-02	4.09437	
2.90000E-02	4.08507	
3.00000E-02	4.07576	
3.10000E-02	4.06646	
3.17414E-02	4.05957	
3.20000E-02	4.05803	
3.26531E-02	4.05416	
3.30000E-02	4.05246	
3.40000E-02	4.04755	
3.40207E-02	4.04745	
3.44765E-02	4.0456	
3.45000E-02	4.04551	
3.47045E-02	4.04476	
3.49324E-02	4.04404	
3.50000E-02	4.04389	
3.50464E-02	4.04379	
3.51033E-02	4.04374	
3.51603E-02	4.04383	
3.52173E-02	4.04425	
3.52458E-02	4.04477	
3.52743E-02	4.04585	
3.53028E-02	4.04825	
3.53170E-02	4.05077	
3.53313E-02	4.05574	
3.53455E-02	4.06722	
3.53526E-02	4.0812	
3.53562E-02	4.09504	
3.53598E-02	4.1209	
3.53633E-02	4.17307	
3.53669E-02	4.27941	
3.53704E-02	4.48305	
3.53829E-02	5.34276	
3.54030E-02	6.22405	
3.54188E-02	4.23808	
3.54233E-02	4.13919	
3.54278E-02	4.09901	
3.54369E-02	4.08098	
3.54459E-02	4.06504	
3.54639E-02	4.05766	
3.54820E-02	4.05078	
3.54965E-02	4.0462	
3.55361E-02	4.04587	
3.55722E-02	4.04414	
3.56083E-02	4.04325	
3.56805E-02	4.04273	
3.57526E-02	4.0421	
3.58248E-02	4.0417	
3.59692E-02	4.0414	
3.60000E-02	4.04083	
3.62579E-02	4.04013	
3.65466E-02	4.03949	
3.70000E-02	4.03885	
3.77014E-02	4.03786	
4.00000E-02	4.03951	
4.00110E-02	4.03952	
4.10000E-02	4.03197	
4.13666E-02	4.02917	
4.20000E-02	4.02957	
4.30000E-02	4.03019	
4.34971E-02	4.0305	
4.40000E-02	4.03082	
4.47557E-02	4.03129	
4.50000E-02	4.03746	
4.60000E-02	4.06272	
4.67891E-02	4.08266	
4.70000E-02	4.10024	
4.80000E-02	4.18364	
4.84837E-02	4.22397	
4.90000E-02	4.3247	
4.93309E-02	4.38925	
4.98393E-02	4.55892	
5.00000E-02	4.63738	
5.01782E-02	4.72435	
5.06865E-02	5.1094	
5.10000E-02	5.49745	
5.11403E-02	5.67107	
5.14245E-02	6.24608	
5.16140E-02	6.80079	
5.16994E-02	7.05138	
5.18701E-02	7.71377	
5.19555E-02	8.15356	
5.20000E-02	8.43181	
5.20409E-02	8.68736	
5.21263E-02	9.33689	
5.22116E-02	10.1291	
5.22970E-02	11.0933	
5.23730E-02	12.0678	
5.24490E-02	13.2511	
5.25027E-02	14.3028	
5.25563E-02	15.5013	
5.26100E-02	16.8525	
5.26636E-02	18.3731	
5.27520E-02	21.2564	
5.28690E-02	25.782	
5.29860E-02	30.5756	
5.30000E-02	31.0942	
5.30445E-02	32.7427	
5.31030E-02	34.4984	
5.31615E-02	35.6513	
5.32200E-02	36.0552	
5.32895E-02	35.513	
5.33590E-02	33.9779	
5.34634E-02	30.454	
5.36721E-02	22.5206	
5.37764E-02	19.1884	
5.38451E-02	17.3282	
5.39137E-02	15.7231	
5.39824E-02	14.3431	
5.40000E-02	14.0394	
5.40511E-02	13.1595	
5.41197E-02	12.145	
5.41884E-02	11.2743	
5.42570E-02	10.5254	
5.43257E-02	9.87943	
5.44630E-02	8.83618	
5.45317E-02	8.41445	
5.46004E-02	8.04763	
5.47377E-02	7.44388	
5.48750E-02	6.97426	
5.50000E-02	6.60213	
5.50268E-02	6.52249	
5.51785E-02	6.16287	
5.54820E-02	5.64032	
5.56338E-02	5.4489	
5.59373E-02	5.16019	
5.60000E-02	5.11545	
5.63639E-02	4.85601	
5.66389E-02	4.70273	
5.70000E-02	4.55601	
5.71888E-02	4.47932	
5.77386E-02	4.32639	
5.80000E-02	4.27744	
5.85634E-02	4.17192	
5.90000E-02	4.11727	
5.93883E-02	4.06867	
6.00000E-02	4.02198	
6.10000E-02	3.94565	
6.10331E-02	3.94313	
6.20000E-02	3.90794	
6.30000E-02	3.87155	
6.37584E-02	3.84396	
6.40000E-02	3.83891	
6.50000E-02	3.81802	
6.59386E-02	3.7984	
6.60000E-02	3.79755	
6.70000E-02	3.78363	
6.80000E-02	3.76971	
6.90000E-02	3.75579	
6.92090E-02	3.75288	
7.00000E-02	3.74532	
7.10000E-02	3.73575	
7.20000E-02	3.72619	
7.30000E-02	3.71663	
7.40000E-02	3.70706	
7.50000E-02	3.6975	
7.70000E-02	3.67837	
7.70771E-02	3.67764	
7.74984E-02	3.67527	
7.80000E-02	3.67245	
7.84984E-02	3.66965	
7.90000E-02	3.66683	
8.00000E-02	3.6612	
8.10000E-02	3.65558	
8.20000E-02	3.64996	
8.30000E-02	3.64434	
8.40000E-02	3.63872	
8.50000E-02	3.6331	
8.60000E-02	3.62748	
8.70000E-02	3.62186	
8.90000E-02	3.61061	
8.94986E-02	3.60781	
8.99890E-02	3.60505	
9.00000E-02	3.60498	
9.10000E-02	3.59801	
9.20000E-02	3.59105	
9.30000E-02	3.58408	
9.40000E-02	3.57712	
9.50000E-02	3.57016	
9.60000E-02	3.56319	
9.90000E-02	3.5423	
9.94690E-02	3.53903	
1.00000E-01	3.53642	
1.07000E-01	3.50192	
1.07125E-01	3.50131	
1.07312E-01	3.50039	
1.07890E-01	3.49754	
1.08000E-01	3.49698	
1.09000E-01	3.49187	
1.09249E-01	3.4906	
1.09624E-01	3.48869	
1.10000E-01	3.48677	
1.10271E-01	3.48539	
1.10499E-01	3.48424	
1.11000E-01	3.48173	
1.11499E-01	3.47923	
1.12000E-01	3.47671	
1.12499E-01	3.47421	
1.12652E-01	3.47344	
1.13000E-01	3.47174	
1.13499E-01	3.4693	
1.13843E-01	3.46761	
1.14000E-01	3.46687	
1.15000E-01	3.46219	
1.15033E-01	3.46203	
1.15312E-01	3.46085	
1.15500E-01	3.46006	
1.15629E-01	3.45951	
1.15926E-01	3.45845	
1.16000E-01	3.45826	
1.16224E-01	3.45768	
1.16522E-01	3.45761	
1.16670E-01	3.45819	
1.16819E-01	3.45977	
1.16968E-01	3.46367	
1.17000E-01	3.46542	
1.17042E-01	3.46773	
1.17117E-01	3.47531	
1.17191E-01	3.49068	
1.17228E-01	3.50547	
1.17249E-01	3.52286	
1.17284E-01	3.55212	
1.17303E-01	3.58367	
1.17321E-01	3.63356	
1.17340E-01	3.71933	
1.17507E-01	3.95012	
1.17532E-01	3.78361	
1.17544E-01	3.6279	
1.17569E-01	3.58794	
1.17594E-01	3.53957	
1.17624E-01	3.49494	
1.17643E-01	3.48407	
1.17692E-01	3.47007	
1.17742E-01	3.46251	
1.17841E-01	3.4548	
1.17939E-01	3.45098	
1.18000E-01	3.44962	
1.18038E-01	3.44877	
1.18236E-01	3.44618	
1.18433E-01	3.44452	
1.18631E-01	3.44323	
1.19000E-01	3.44116	
1.19026E-01	3.44102	
1.19421E-01	3.43899	
1.19816E-01	3.43702	
1.20000E-01	3.43612	
1.20607E-01	3.43315	
1.21000E-01	3.43124	
1.22000E-01	3.42638	
1.22187E-01	3.42547	
1.23000E-01	3.42153	
1.23768E-01	3.41781	
1.24000E-01	3.41669	
1.26000E-01	3.40709	
1.27000E-01	3.4023	
1.28000E-01	3.3975	
1.29000E-01	3.3927	
1.30000E-01	3.3879	
1.30090E-01	3.38747	
1.32735E-01	3.37905	
1.33863E-01	3.37546	
1.35000E-01	3.37183	
1.36492E-01	3.36708	
1.36604E-01	3.36673	
1.38000E-01	3.36245	
1.39000E-01	3.35939	
1.39861E-01	3.35675	
1.40000E-01	3.35634	
1.40675E-01	3.35437	
1.41000E-01	3.35349	
1.41490E-01	3.35216	
1.41897E-01	3.35123	
1.41990E-01	3.35107	
1.42100E-01	3.35087	
1.42304E-01	3.35067	
1.42507E-01	3.3508	
1.42609E-01	3.35115	
1.42711E-01	3.35192	
1.42813E-01	3.35361	
1.42864E-01	3.35523	
1.42915E-01	3.35814	
1.42966E-01	3.36373	
1.42991E-01	3.36894	
1.43016E-01	3.37832	
1.43042E-01	3.39761	
1.43118E-01	3.7806	
1.43174E-01	3.78724	
1.43189E-01	3.53173	
1.43205E-01	3.42206	
1.43221E-01	3.38265	
1.43237E-01	3.36663	
1.43269E-01	3.3584	
1.43301E-01	3.35059	
1.43332E-01	3.34738	
1.43396E-01	3.34584	
1.43459E-01	3.34449	
1.43487E-01	3.3438	
1.43523E-01	3.34364	
1.43650E-01	3.34332	
1.43777E-01	3.34307	
1.43904E-01	3.34282	
1.44158E-01	3.34226	
1.44666E-01	3.341	
1.45000E-01	3.34009	
1.45174E-01	3.33962	
1.46190E-01	3.33676	
1.46492E-01	3.33589	
1.47206E-01	3.33384	
1.48000E-01	3.33156	
1.49238E-01	3.328	
1.50000E-01	3.32638	
1.55000E-01	3.3157	
1.60000E-01	3.30502	
1.63773E-01	3.29696	
1.65000E-01	3.29757	
1.70000E-01	3.30006	
1.72482E-01	3.30129	
1.75000E-01	3.30254	
1.75134E-01	3.30261	
1.76237E-01	3.31026	
1.77482E-01	3.31889	
1.78580E-01	3.3265	
1.80000E-01	3.33635	
1.80250E-01	3.33807	
1.80624E-01	3.34067	
1.81000E-01	3.34328	
1.81250E-01	3.34501	
1.81624E-01	3.34761	
1.82000E-01	3.35021	
1.82467E-01	3.35345	
1.82849E-01	3.3561	
1.83352E-01	3.35958	
1.83676E-01	3.36183	
1.83710E-01	3.36206	
1.84000E-01	3.36808	
1.84499E-01	3.37843	
1.85000E-01	3.38881	
1.85500E-01	3.39917	
1.86000E-01	3.40954	
1.86500E-01	3.4199	
1.87588E-01	3.44246	
1.88500E-01	3.47259	
1.88817E-01	3.48307	
1.89000E-01	3.49012	
1.89124E-01	3.49492	
1.89432E-01	3.50775	
1.89585E-01	3.51478	
1.89739E-01	3.52287	
1.89816E-01	3.52817	
1.89893E-01	3.53658	
1.89931E-01	3.54513	
1.89950E-01	3.55274	
1.89969E-01	3.56591	
1.89989E-01	3.59494	
1.90041E-01	3.74859	
1.90090E-01	4.16524	
1.90201E-01	3.56338	
1.90264E-01	3.55523	
1.90327E-01	3.55144	
1.90454E-01	3.55206	
1.90581E-01	3.5568	
1.90834E-01	3.56293	
1.91595E-01	3.57668	
1.93000E-01	3.75852	
1.93623E-01	3.81777	
1.94000E-01	3.87264	
1.94965E-01	4.01304	
1.95000E-01	4.02125	
1.96275E-01	4.32024	
1.96750E-01	4.48235	
1.97000E-01	4.59247	
1.97225E-01	4.69158	
1.98000E-01	5.16391	
1.98193E-01	5.28154	
1.98440E-01	5.47921	
1.99000E-01	6.04591	
1.99070E-01	6.11669	
1.99499E-01	6.8036	
1.99935E-01	7.50043	
2.00000E-01	7.59524	
2.00584E-01	8.44663	
2.00800E-01	8.66105	
2.01000E-01	8.75363	
2.01150E-01	8.82307	
2.01335E-01	8.82075	
2.01520E-01	8.75505	
2.01833E-01	8.45659	
2.03192E-01	6.5584	
2.03614E-01	6.05389	
2.03960E-01	5.70068	
2.03998E-01	5.67287	
2.04405E-01	5.3706	
2.04850E-01	5.1138	
2.05000E-01	5.05707	
2.05427E-01	4.89566	
2.06000E-01	4.78407	
2.06581E-01	4.67103	
2.07000E-01	4.65625	
2.08000E-01	4.62101	
2.08278E-01	4.61123	
2.09000E-01	4.63758	
2.09533E-01	4.657	
2.10000E-01	4.67851	
2.12703E-01	4.80286	
2.13550E-01	4.79771	
2.14300E-01	4.79506	
2.15940E-01	4.66392	
2.17000E-01	4.55188	
2.18000E-01	4.44619	
2.20000E-01	4.2348	
2.21000E-01	4.1291	
2.21443E-01	4.08233	
2.22000E-01	4.04375	
2.24000E-01	3.90533	
2.24268E-01	3.88682	
2.25000E-01	3.85606	
2.26570E-01	3.79013	
2.27000E-01	3.78267	
2.27338E-01	3.77681	
2.28000E-01	3.7795	
2.28873E-01	3.78305	
2.29640E-01	3.80652	
2.30000E-01	3.83336	
2.31024E-01	3.90967	
2.32000E-01	4.05223	
2.32408E-01	4.11173	
2.33495E-01	4.39723	
2.33679E-01	4.44539	
2.34376E-01	4.72477	
2.34725E-01	4.90874	
2.35000E-01	5.09209	
2.35248E-01	5.2575	
2.35771E-01	5.72109	
2.36000E-01	5.97344	
2.36033E-01	6.00961	
2.36184E-01	6.18283	
2.36375E-01	6.42073	
2.36488E-01	6.64174	
2.36526E-01	6.7617	
2.36563E-01	6.95046	
2.36601E-01	7.31908	
2.36697E-01	10.2772	
2.36761E-01	11.3218	
2.36860E-01	7.51723	
2.36907E-01	7.30219	
2.36969E-01	7.21213	
2.37088E-01	7.21746	
2.37245E-01	7.34641	
2.37560E-01	7.58648	
2.38000E-01	8.91885	
2.38190E-01	9.25685	
2.38595E-01	9.91533	
2.39000E-01	10.2872	
2.39050E-01	10.3331	
2.39460E-01	10.3343	
2.39500E-01	10.3034	
2.39870E-01	10.0139	
2.40000E-01	9.84086	
2.40280E-01	9.46815	
2.40690E-01	8.81072	
2.41000E-01	8.26817	
2.41466E-01	7.45207	
2.41725E-01	7.01924	
2.42000E-01	6.55892	
2.42240E-01	6.15704	
2.42460E-01	5.92899	
2.42498E-01	5.88798	
2.42570E-01	5.81153	
2.42680E-01	5.73426	
2.42743E-01	5.76448	
2.42774E-01	5.83843	
2.42805E-01	5.97946	
2.42888E-01	6.31695	
2.42949E-01	6.88631	
2.43008E-01	8.51486	
2.43083E-01	9.40789	
2.43135E-01	9.43735	
2.43244E-01	9.20196	
2.43325E-01	8.41602	
2.43407E-01	7.92261	
2.43516E-01	7.53132	
2.43660E-01	7.11969	
2.43840E-01	6.69554	
2.43930E-01	6.2805	
2.44000E-01	6.01135	
2.44078E-01	5.90722	
2.44668E-01	5.32701	
2.45000E-01	5.08175	
2.45110E-01	5.00061	
2.45810E-01	4.65763	
2.46510E-01	4.39113	
2.47000E-01	4.27572	
2.47946E-01	4.05284	
2.48000E-01	4.04428	
2.49000E-01	3.88531	
2.49383E-01	3.82451	
2.50000E-01	3.7501	
2.50340E-01	3.70913	
2.51000E-01	3.6519	
2.52000E-01	3.56518	
2.52164E-01	3.55099	
2.53000E-01	3.49839	
2.53988E-01	3.43628	
2.55000E-01	3.39254	
2.56000E-01	3.34934	
2.57000E-01	3.30613	
2.57635E-01	3.2787	
2.59000E-01	3.24112	
2.60000E-01	3.21359	
2.61000E-01	3.18606	
2.62000E-01	3.15853	
2.62500E-01	3.14478	
2.63000E-01	3.131	
2.63106E-01	3.12808	
2.64000E-01	3.11222	
2.65000E-01	3.09447	
2.66000E-01	3.07672	
2.67000E-01	3.05897	
2.68000E-01	3.04122	
2.69000E-01	3.02348	
2.70000E-01	3.00573	
2.71000E-01	2.98798	
2.71415E-01	2.98061	
2.72000E-01	2.97121	
2.73000E-01	2.95514	
2.74000E-01	2.93906	
2.74658E-01	2.92849	
2.75000E-01	2.92211	
2.76000E-01	2.90349	
2.77000E-01	2.88487	
2.78000E-01	2.86625	
2.79000E-01	2.84763	
2.79751E-01	2.83364	
2.80000E-01	2.82675	
2.81000E-01	2.79907	
2.83000E-01	2.74371	
2.83998E-01	2.71608	
2.85000E-01	2.68834	
2.85305E-01	2.6799	
2.85998E-01	2.64939	
2.87000E-01	2.60531	
2.88000E-01	2.5613	
2.88082E-01	2.5577	
2.90396E-01	2.40318	
2.91322E-01	2.31766	
2.92710E-01	2.14678	
2.93726E-01	1.98363	
2.94743E-01	1.75345	
2.95000E-01	1.67601	
2.95600E-01	1.49557	
2.96000E-01	1.36938	
2.96320E-01	1.26843	
2.96500E-01	1.21901	
2.96680E-01	1.1825	
2.96860E-01	1.1681	
2.96970E-01	1.17066	
2.97000E-01	1.17663	
2.97080E-01	1.19263	
2.97190E-01	1.24096	
2.97301E-01	1.32344	
2.97389E-01	1.42131	
2.97478E-01	1.55414	
2.97567E-01	1.72765	
2.97655E-01	1.94784	
2.97744E-01	2.21985	
2.97833E-01	2.54689	
2.97921E-01	2.92893	
2.98000E-01	3.31307	
2.98165E-01	3.36188	
2.98320E-01	4.19533	
2.98435E-01	5.05591	
2.98550E-01	5.64619	
2.98665E-01	6.14874	
2.98838E-01	6.53932	
2.99000E-01	7.06812	
2.99125E-01	7.07765	
2.99183E-01	7.1473	
2.99302E-01	7.58163	
2.99340E-01	8.02967	
2.99385E-01	8.79797	
2.99476E-01	9.94543	
2.99607E-01	7.16654	
2.99718E-01	6.92222	
2.99865E-01	6.55944	
3.00000E-01	6.09726	
3.00086E-01	5.97698	
3.00308E-01	5.71792	
3.00750E-01	5.29059	
3.01000E-01	5.11709	
3.01134E-01	5.02388	
3.01519E-01	4.81046	
3.02000E-01	4.61255	
3.02288E-01	4.49433	
3.03390E-01	4.18676	
3.03685E-01	4.12171	
3.03981E-01	4.06316	
3.04276E-01	4.01055	
3.04571E-01	3.96405	
3.04718E-01	3.94428	
3.04866E-01	3.93013	
3.04940E-01	3.92932	
3.05013E-01	3.94188	
3.05050E-01	3.96283	
3.05087E-01	4.0131	
3.05161E-01	4.14525	
3.05261E-01	4.57755	
3.05374E-01	3.94724	
3.05418E-01	3.89814	
3.05508E-01	3.87297	
3.05598E-01	3.84561	
3.05777E-01	3.82815	
3.05957E-01	3.80228	
3.06316E-01	3.78047	
3.06675E-01	3.74178	
3.07751E-01	3.70694	
3.08723E-01	3.61804	
3.09000E-01	3.54534	
3.10000E-01	3.50348	
3.11000E-01	3.46162	
3.11785E-01	3.42876	
3.12000E-01	3.42297	
3.13000E-01	3.39603	
3.13500E-01	3.38257	
3.14235E-01	3.36276	
3.14500E-01	3.35841	
3.15000E-01	3.35017	
3.16500E-01	3.32549	
3.19000E-01	3.28435	
3.20000E-01	3.26789	
3.20858E-01	3.25378	
3.22000E-01	3.24346	
3.24000E-01	3.22539	
3.25000E-01	3.21635	
3.26000E-01	3.20731	
3.27000E-01	3.19827	
3.28000E-01	3.18924	
3.29700E-01	3.17387	
3.29999E-01	3.17292	
3.31000E-01	3.16973	
3.32000E-01	3.16653	
3.33000E-01	3.16334	
3.34000E-01	3.16015	
3.35000E-01	3.15696	
3.36248E-01	3.15298	
3.37500E-01	3.14898	
3.37874E-01	3.14778	
3.38437E-01	3.14599	
3.39500E-01	3.1426	
3.40000E-01	3.141	
3.40253E-01	3.14019	
3.40500E-01	3.14097	
3.41000E-01	3.14254	
3.41300E-01	3.14348	
3.41500E-01	3.14411	
3.42000E-01	3.14568	
3.42500E-01	3.14725	
3.43500E-01	3.15039	
3.44000E-01	3.15196	
3.44500E-01	3.15353	
3.49000E-01	3.16766	
3.50000E-01	3.1708	
3.51248E-01	3.17472	
3.52500E-01	3.17865	
3.54530E-01	3.18503	
3.55000E-01	3.19035	
3.57500E-01	3.21869	
3.60000E-01	3.24702	
3.60166E-01	3.2489	
3.62000E-01	3.28198	
3.62500E-01	3.291	
3.63000E-01	3.30002	
3.63500E-01	3.30904	
3.64000E-01	3.31806	
3.64500E-01	3.32707	
3.65000E-01	3.3361	
3.65803E-01	3.35057	
3.66000E-01	3.35608	
3.67500E-01	3.3979	
3.68000E-01	3.41184	
3.69000E-01	3.43972	
3.69500E-01	3.45366	
3.69560E-01	3.45534	
3.70000E-01	3.47314	
3.72000E-01	3.55405	
3.73000E-01	3.59451	
3.73760E-01	3.62525	
3.75000E-01	3.69645	
3.77840E-01	3.8595	
3.78000E-01	3.8731	
3.79000E-01	3.95809	
3.80000E-01	4.04308	
3.80935E-01	4.12255	
3.82000E-01	4.22212	
3.82550E-01	4.27354	
3.83000E-01	4.32285	
3.84000E-01	4.43241	
3.85475E-01	4.59402	
3.87500E-01	4.84923	
3.88400E-01	4.96266	
3.88748E-01	4.99955	
3.90000E-01	5.13228	
3.91000E-01	5.23829	
3.91500E-01	5.2913	
3.92000E-01	5.3443	
3.92320E-01	5.37823	
3.92500E-01	5.38314	
3.93000E-01	5.39678	
3.94000E-01	5.42406	
3.94455E-01	5.43647	
3.96000E-01	5.39759	
3.97100E-01	5.3699	
3.99050E-01	5.18258	
4.02000E-01	4.78686	
4.02950E-01	4.65942	
4.03000E-01	4.65292	
4.03500E-01	4.58793	
4.04000E-01	4.52286	
4.05000E-01	4.3928	
4.06000E-01	4.26274	
4.06500E-01	4.19771	
4.07000E-01	4.14766	
4.09000E-01	3.95013	
4.10746E-01	3.77773	
4.14970E-01	3.46505	
4.17500E-01	3.3856	
4.20000E-01	3.30709	
4.21000E-01	3.27568	
4.21128E-01	3.27168	
4.21500E-01	3.26563	
4.22000E-01	3.25752	
4.22500E-01	3.2494	
4.23000E-01	3.24129	
4.23180E-01	3.23837	
4.25000E-01	3.31636	
4.26453E-01	3.3786	
4.27500E-01	3.4492	
4.27770E-01	3.4674	
4.28620E-01	3.56768	
4.30000E-01	3.69861	
4.30650E-01	3.76025	
4.30900E-01	3.74035	
4.30980E-01	3.73115	
4.31220E-01	3.73915	
4.32000E-01	3.66047	
4.33010E-01	3.55855	
4.33681E-01	3.4722	
4.34000E-01	3.45218	
4.34800E-01	3.40194	
4.34999E-01	3.3878	
4.36000E-01	3.31659	
4.37320E-01	3.2227	
4.37848E-01	3.21985	
4.38000E-01	3.22138	
4.38903E-01	3.23043	
4.40000E-01	3.27709	
4.40590E-01	3.30217	
4.41000E-01	3.33401	
4.41170E-01	3.34722	
4.41750E-01	3.4069	
4.42000E-01	3.45178	
4.42194E-01	3.48668	
4.43000E-01	3.68366	
4.43528E-01	3.81267	
4.44000E-01	3.98293	
4.44416E-01	4.133	
4.44861E-01	4.33709	
4.45000E-01	4.41828	
4.45728E-01	4.84267	
4.46000E-01	5.03393	
4.47000E-01	5.73608	
4.47819E-01	6.31092	
4.48153E-01	6.47905	
4.48486E-01	6.57742	
4.48820E-01	6.58967	
4.49000E-01	6.53362	
4.49583E-01	6.35225	
4.49905E-01	6.17754	
4.50000E-01	6.11148	
4.51000E-01	5.41615	
4.51195E-01	5.28057	
4.51840E-01	4.88246	
4.52335E-01	4.59139	
4.52911E-01	4.30954	
4.53000E-01	4.27443	
4.53487E-01	4.08196	
4.54064E-01	3.89881	
4.55060E-01	3.65053	
4.56320E-01	3.41646	
4.58000E-01	3.20548	
4.59000E-01	3.11573	
4.59310E-01	3.08791	
4.60000E-01	3.03716	
4.60083E-01	3.03109	
4.60855E-01	2.98102	
4.61628E-01	2.9363	
4.62400E-01	2.89586	
4.63000E-01	2.86826	
4.63945E-01	2.82479	
4.64000E-01	2.8226	
4.65000E-01	2.78274	
4.65490E-01	2.76321	
4.66000E-01	2.75027	
4.67641E-01	2.70864	
4.69793E-01	2.66223	
4.70000E-01	2.65827	
4.71000E-01	2.63918	
4.71500E-01	2.62964	
4.71944E-01	2.62117	
4.73000E-01	2.60279	
4.73500E-01	2.5941	
4.74095E-01	2.58374	
4.75000E-01	2.56907	
4.76000E-01	2.55285	
4.76246E-01	2.54886	
4.77000E-01	2.53727	
4.77250E-01	2.53344	
4.77625E-01	2.52767	
4.78000E-01	2.52191	
4.78398E-01	2.5158	
4.79000E-01	2.50706	
4.79500E-01	2.49981	
4.81000E-01	2.47806	
4.82000E-01	2.46356	
4.82500E-01	2.45632	
4.82700E-01	2.45341	
4.83500E-01	2.44606	
4.84000E-01	2.44146	
4.85000E-01	2.43227	
4.85810E-01	2.42483	
4.86000E-01	2.4232	
4.88000E-01	2.40604	
4.89000E-01	2.39746	
4.90000E-01	2.38888	
4.90360E-01	2.38579	
4.91000E-01	2.38061	
4.91500E-01	2.37656	
4.92000E-01	2.36876	
4.92500E-01	2.36095	
4.93000E-01	2.35314	
4.93610E-01	2.34361	
4.94000E-01	2.33771	
4.95000E-01	2.32258	
4.95500E-01	2.31502	
4.95560E-01	2.31411	
4.96000E-01	2.30771	
4.97000E-01	2.29319	
4.97720E-01	2.28273	
5.00000E-01	2.24759	
5.00110E-01	2.23005	
5.01000E-01	2.21755	
5.02000E-01	2.20499	
5.02500E-01	2.19872	
5.03000E-01	2.19243	
5.04000E-01	2.17988	
5.05000E-01	2.16728	
5.06000E-01	2.15467	
5.07000E-01	2.14207	
5.07800E-01	2.13199	
5.08000E-01	2.14966	
5.08170E-01	2.16467	
5.08390E-01	2.50745	
5.08520E-01	2.93005	
5.08600E-01	3.15034	
5.08670E-01	2.98434	
5.08860E-01	2.38482	
5.09000E-01	2.18583	
5.09270E-01	2.17161	
5.10000E-01	2.09548	
5.11400E-01	2.07415	
5.12000E-01	2.06367	
5.13000E-01	2.04621	
5.14000E-01	2.02875	
5.15000E-01	2.01129	
5.16000E-01	1.99383	
5.18000E-01	1.9589	
5.18500E-01	1.95017	
5.19000E-01	1.94144	
5.19460E-01	1.93341	
5.21000E-01	1.96326	
5.22560E-01	1.9935	
5.24000E-01	2.04341	
5.25000E-01	2.07807	
5.26000E-01	2.11272	
5.26940E-01	2.1453	
5.27000E-01	2.15025	
5.27410E-01	2.18407	
5.28000E-01	2.2329	
5.28500E-01	2.27426	
5.29000E-01	2.31567	
5.29820E-01	2.38354	
5.30000E-01	2.4062	
5.31000E-01	2.53211	
5.32000E-01	2.65802	
5.32500E-01	2.72098	
5.33090E-01	2.79526	
5.34000E-01	2.92848	
5.35000E-01	3.07487	
5.36000E-01	3.22126	
5.36790E-01	3.33691	
5.37000E-01	3.36219	
5.38000E-01	3.48259	
5.39000E-01	3.60299	
5.39130E-01	3.61864	
5.40000E-01	3.69001	
5.40500E-01	3.731	
5.41000E-01	3.77204	
5.41060E-01	3.77696	
5.41770E-01	3.83532	
5.42000E-01	3.84554	
5.43000E-01	3.88997	
5.43720E-01	3.92196	
5.44000E-01	3.92862	
5.45000E-01	3.95241	
5.46000E-01	3.97621	
5.46150E-01	3.97978	
5.47000E-01	3.98489	
5.47500E-01	3.9879	
5.48540E-01	3.99416	
5.49000E-01	3.99204	
5.50000E-01	3.98742	
5.51000E-01	3.9828	
5.52000E-01	3.97819	
5.53000E-01	3.97357	
5.53220E-01	3.97256	
5.54000E-01	3.96678	
5.55000E-01	3.95937	
5.56000E-01	3.95196	
5.57000E-01	3.94456	
5.58000E-01	3.93715	
5.58100E-01	3.93641	
5.59000E-01	3.92913	
5.59260E-01	3.92702	
5.62000E-01	3.90485	
5.62950E-01	3.89716	
5.63400E-01	3.9708	
5.63500E-01	4.05764	
5.63680E-01	4.21396	
5.63790E-01	4.50794	
5.63940E-01	4.91648	
5.64080E-01	5.04096	
5.64280E-01	4.89841	
5.64460E-01	4.25664	
5.64800E-01	4.00963	
5.65000E-01	3.88663	
5.65820E-01	3.89706	
5.66260E-01	3.84068	
5.69900E-01	3.84514	
5.70000E-01	3.84646	
5.72910E-01	3.88496	
5.73000E-01	3.88615	
5.74000E-01	3.8994	
5.74590E-01	3.90721	
5.76000E-01	3.94713	
5.77000E-01	3.97544	
5.78000E-01	4.00375	
5.78500E-01	4.0179	
5.79000E-01	4.03206	
5.80000E-01	4.06037	
5.80310E-01	4.06915	
5.82000E-01	4.12268	
5.83410E-01	4.16734	
5.83970E-01	4.20372	
5.86000E-01	4.33591	
5.87000E-01	4.40103	
5.87580E-01	4.4388	
5.88000E-01	4.47708	
5.89000E-01	4.56824	
5.90000E-01	4.65939	
5.90500E-01	4.70495	
5.90560E-01	4.71044	
5.91000E-01	4.74973	
5.92000E-01	4.83902	
5.92420E-01	4.87652	
5.93600E-01	4.9819	
5.95000E-01	5.05836	
5.96000E-01	5.11297	
5.96320E-01	5.13045	
5.96460E-01	5.13809	
5.97000E-01	5.17392	
5.97590E-01	5.21307	
5.98790E-01	5.34632	
5.98920E-01	5.41156	
5.99260E-01	5.58312	
5.99560E-01	6.05112	
5.99740E-01	6.34554	
5.99920E-01	6.00456	
6.00000E-01	5.86988	
6.00160E-01	5.60022	
6.00400E-01	5.30548	
6.00750E-01	5.16693	
6.00870E-01	5.14791	
6.01000E-01	5.12743	
6.01410E-01	5.06283	
6.03000E-01	4.93887	
6.04120E-01	4.85156	
6.05340E-01	4.75656	
6.06000E-01	4.70771	
6.06720E-01	4.65442	
6.07370E-01	4.60637	
6.08000E-01	4.57802	
6.09970E-01	4.48937	
6.11000E-01	4.44306	
6.11480E-01	4.42147	
6.14000E-01	4.32197	
6.14700E-01	4.29433	
6.15820E-01	4.27105	
6.16000E-01	4.26735	
6.18000E-01	4.22618	
6.19000E-01	4.2056	
6.19460E-01	4.19614	
6.20000E-01	4.19918	
6.21000E-01	4.20483	
6.21670E-01	4.20861	
6.22560E-01	4.21356	
6.23000E-01	4.23119	
6.24000E-01	4.27125	
6.24670E-01	4.29809	
6.25000E-01	4.35055	
6.25570E-01	4.44116	
6.26000E-01	4.5094	
6.26620E-01	4.60778	
6.27110E-01	4.7019	
6.27590E-01	4.59863	
6.28000E-01	4.52112	
6.28980E-01	4.33583	
6.30000E-01	4.31497	
6.30120E-01	4.31252	
6.30360E-01	4.3075	
6.31000E-01	4.31392	
6.32000E-01	4.32394	
6.33370E-01	4.33767	
6.34000E-01	4.34411	
6.34100E-01	4.34513	
6.34500E-01	4.35088	
6.35000E-01	4.35807	
6.35500E-01	4.36525	
6.35970E-01	4.37201	
6.36700E-01	4.38264	
6.37000E-01	4.39144	
6.38000E-01	4.42077	
6.39220E-01	4.45655	
6.40000E-01	4.47937	
6.42000E-01	4.53788	
6.42790E-01	4.561	
6.43000E-01	4.56909	
6.47000E-01	4.72323	
6.48000E-01	4.76176	
6.48970E-01	4.79914	
6.50000E-01	4.83883	
6.51000E-01	4.87737	
6.52000E-01	4.91591	
6.52780E-01	4.94597	
6.53000E-01	4.9575	
6.54000E-01	5.00991	
6.55000E-01	5.06233	
6.56000E-01	5.11474	
6.57000E-01	5.16716	
6.57420E-01	5.18917	
6.58000E-01	5.21957	
6.59000E-01	5.27199	
6.60000E-01	5.3244	
6.61000E-01	5.37681	
6.62000E-01	5.42922	
6.63000E-01	5.48162	
6.63350E-01	5.49997	
6.65000E-01	5.59543	
6.66000E-01	5.65329	
6.67000E-01	5.71115	
6.68000E-01	5.769	
6.68220E-01	5.78173	
6.69000E-01	5.84484	
6.69770E-01	5.90714	
6.71000E-01	6.00657	
6.72000E-01	6.08742	
6.73000E-01	6.16826	
6.73910E-01	6.24183	
6.74000E-01	6.24906	
6.75000E-01	6.32941	
6.76000E-01	6.40975	
6.77000E-01	6.49009	
6.78000E-01	6.57043	
6.79000E-01	6.65078	
6.80000E-01	6.73112	
6.81390E-01	6.8428	
6.82000E-01	6.9695	
6.82520E-01	7.07751	
6.83000E-01	7.97882	
6.83420E-01	7.9976	
6.83580E-01	8.81439	
6.84000E-01	7.51891	
6.84070E-01	7.36869	
6.84800E-01	7.19009	
6.86510E-01	7.31218	
6.87000E-01	7.36084	
6.87970E-01	7.45718	
6.88780E-01	7.53762	
6.93000E-01	7.89082	
6.93940E-01	7.96949	
6.95770E-01	8.11652	
6.98000E-01	8.29589	
6.98380E-01	8.32645	
6.99000E-01	8.37088	
7.00000E-01	8.44255	
7.01000E-01	8.51421	
7.01130E-01	8.52353	
7.01500E-01	8.54134	
7.02000E-01	8.56543	
7.02280E-01	8.57892	
7.03000E-01	8.61363	
7.04000E-01	8.66184	
7.04440E-01	8.68306	
7.05000E-01	8.69897	
7.07000E-01	8.7558	
7.07480E-01	8.76944	
7.07750E-01	8.777	
7.09000E-01	8.79507	
7.10000E-01	8.80952	
7.10350E-01	8.81458	
7.11000E-01	8.80063	
7.12000E-01	8.77917	
7.13330E-01	8.75062	
7.13870E-01	8.73942	
7.15000E-01	8.68028	
7.16000E-01	8.62793	
7.17000E-01	8.57559	
7.18000E-01	8.52325	
7.18170E-01	8.51435	
7.18530E-01	8.48645	
7.21000E-01	8.29519	
7.21780E-01	8.2348	
7.22540E-01	8.17609	
7.24000E-01	8.02417	
7.25000E-01	7.92011	
7.25680E-01	7.84935	
7.26060E-01	7.80993	
7.28000E-01	7.55525	
7.29000E-01	7.42398	
7.30000E-01	7.2927	
7.30280E-01	7.25594	
7.31000E-01	7.1586	
7.32000E-01	7.02339	
7.33000E-01	6.88819	
7.33480E-01	6.8233	
7.34000E-01	6.753	
7.35000E-01	6.61782	
7.35490E-01	6.55158	
7.36000E-01	6.48106	
7.38680E-01	6.1105	
7.39000E-01	6.06626	
7.40990E-01	5.7911	
7.44000E-01	5.37483	
7.44860E-01	5.2559	
7.46830E-01	5.07755	
7.47130E-01	5.07433	
7.47680E-01	5.06816	
7.48000E-01	5.42583	
7.48100E-01	5.53761	
7.48730E-01	5.00228	
7.49300E-01	4.85214	
7.50000E-01	4.71949	
7.52000E-01	4.61292	
7.52330E-01	4.59628	
7.54910E-01	4.46624	
7.57260E-01	4.39402	
7.57530E-01	4.3917	
7.58940E-01	4.37956	
7.60000E-01	4.43932	
7.61630E-01	4.53122	
7.62500E-01	4.55168	
7.62730E-01	4.55709	
7.63470E-01	4.57471	
7.65150E-01	5.3113	
7.65660E-01	5.80253	
7.66160E-01	5.91795	
7.66500E-01	6.19248	
7.67000E-01	6.3875	
7.67500E-01	6.36407	
7.68850E-01	6.3008	
7.70000E-01	6.43195	
7.70530E-01	6.49239	
7.71700E-01	6.62601	
7.73210E-01	6.90033	
7.76070E-01	7.08095	
7.77910E-01	7.13146	
7.79590E-01	7.08813	
7.80000E-01	7.07402	
7.80930E-01	7.04201	
7.82950E-01	6.97255	
7.86140E-01	6.83532	
7.86780E-01	6.79815	
7.89500E-01	6.64025	
7.90000E-01	6.60387	
7.96050E-01	6.16359	
8.00000E-01	5.88852	
8.01730E-01	5.768	
8.04450E-01	5.57848	
8.05000E-01	5.54439	
8.10160E-01	5.22457	
8.12780E-01	5.09079	
8.18220E-01	4.81291	
8.20000E-01	4.74771	
8.25000E-01	4.56457	
8.26440E-01	4.51182	
8.27290E-01	4.48073	
8.32660E-01	4.30006	
8.35000E-01	4.24437	
8.40550E-01	4.11229	
8.42690E-01	4.06714	
8.45000E-01	4.01833	
8.50000E-01	3.91266	
8.50460E-01	3.90294	
8.52440E-01	3.88157	
8.55000E-01	3.85405	
8.57850E-01	3.82342	
8.58940E-01	3.82039	
8.60000E-01	3.81747	
8.65740E-01	3.80169	
8.70000E-01	3.82077	
8.71940E-01	3.82945	
8.73800E-01	3.83783	
8.75000E-01	3.85371	
8.80000E-01	3.91988	
8.80350E-01	3.92448	
8.83640E-01	4.05438	
8.85000E-01	4.10808	
8.86570E-01	4.17007	
8.90000E-01	4.35665	
8.92280E-01	4.48068	
8.93390E-01	4.5855	
8.96640E-01	4.89235	
8.97290E-01	4.952	
8.99160E-01	5.12351	
9.00000E-01	5.21423	
9.02290E-01	5.46153	
9.02490E-01	5.47756	
9.04560E-01	5.64615	
9.05700E-01	5.73285	
9.07520E-01	5.9003	
9.11390E-01	5.87699	
9.11590E-01	5.86962	
9.12500E-01	5.83497	
9.13210E-01	5.80794	
9.15030E-01	5.68648	
9.17300E-01	5.47851	
9.22760E-01	4.98161	
9.26540E-01	4.66434	
9.27500E-01	4.5837	
9.28680E-01	4.48458	
9.30000E-01	4.39478	
9.33690E-01	4.14376	
9.35000E-01	4.05469	
9.36410E-01	3.95883	
9.40000E-01	3.78572	
9.43240E-01	3.62948	
9.44100E-01	3.60139	
9.45000E-01	3.57194	
9.46420E-01	3.52548	
9.49610E-01	3.3579	
9.50000E-01	3.34877	
9.52570E-01	3.28864	
9.53200E-01	3.27981	
9.59050E-01	3.19837	
9.62120E-01	3.15571	
9.64250E-01	3.15078	
9.64630E-01	3.14991	
9.65760E-01	3.2365	
9.66450E-01	3.72753	
9.66670E-01	4.6118	
9.67130E-01	4.98726	
9.67810E-01	4.73319	
9.68270E-01	4.21315	
9.68490E-01	3.46772	
9.69180E-01	3.21336	
9.71220E-01	3.20195	
9.73350E-01	3.27677	
9.74180E-01	3.30592	
9.76460E-01	3.46769	
9.79190E-01	3.75655	
9.80000E-01	3.85981	
9.80550E-01	3.92992	
9.81920E-01	3.99931	
9.82450E-01	4.00053	
9.84420E-01	4.00519	
9.85790E-01	3.91265	
9.87000E-01	3.81588	
9.88970E-01	3.65855	
9.92200E-01	3.43251	
9.92610E-01	3.40408	
9.96100E-01	3.2552	
9.97620E-01	3.19027	
9.99440E-01	3.20187	
1.00000E+00	3.17168	
1.00190E+00	3.16629	
1.00560E+00	3.06902	
1.00730E+00	3.09795	
1.00900E+00	3.095	
1.01260E+00	3.09211	
1.01320E+00	3.16137	
1.01760E+00	3.1822	
1.02360E+00	3.33479	
1.02510E+00	3.6526	
1.02900E+00	3.71031	
1.03170E+00	3.86058	
1.03350E+00	3.91257	
1.03540E+00	3.921	
1.03820E+00	3.92986	
1.03930E+00	3.88007	
1.04400E+00	3.86065	
1.04664E+00	3.88034	
1.04900E+00	3.91892	
1.05110E+00	3.95309	
1.05610E+00	4.15535	
1.05970E+00	4.39062	
1.06220E+00	4.55397	
1.06450E+00	4.65124	
1.06630E+00	4.72729	
1.06950E+00	4.76776	
1.07280E+00	4.70435	
1.07340E+00	4.69272	
1.07840E+00	4.48458	
1.08000E+00	4.40645	
1.08290E+00	4.26513	
1.08520E+00	4.10913	
1.08660E+00	3.97619	
1.08770E+00	4.06862	
1.08830E+00	4.1999	
1.08910E+00	4.37492	
1.09000E+00	4.44421	
1.09420E+00	4.28242	
1.09840E+00	4.14374	
1.10420E+00	3.96748	
1.10800E+00	3.84619	
1.10960E+00	3.80282	
1.11090E+00	3.96141	
1.11120E+00	3.99777	
1.11310E+00	3.7335	
1.11990E+00	3.63378	
1.12070E+00	3.62102	
1.12410E+00	3.56651	
1.12990E+00	3.47354	
1.13360E+00	3.43955	
1.13950E+00	3.43881	
1.14150E+00	3.43229	
1.14560E+00	3.43008	
1.14890E+00	3.54707	
1.15510E+00	3.4128	
1.15740E+00	3.2654	
1.15920E+00	3.24354	
1.16380E+00	3.22641	
1.16780E+00	3.27413	
1.17080E+00	3.3434	
1.17170E+00	3.46478	
1.17350E+00	3.48356	
1.17620E+00	3.52108	
1.18010E+00	3.48641	
1.18330E+00	3.35552	
1.18680E+00	3.24809	
1.19220E+00	3.14844	
1.19630E+00	3.06605	
1.19910E+00	3.05307	
1.20000E+00	3.07918	
1.20060E+00	3.08339	
1.20490E+00	3.2004	
1.20630E+00	3.25255	
1.21060E+00	3.41276	
1.21280E+00	3.70306	
1.21470E+00	3.61652	
1.21980E+00	3.77665	
1.22420E+00	3.86514	
1.22520E+00	3.88523	
1.22930E+00	3.91124	
1.23370E+00	3.86531	
1.23390E+00	3.86344	
1.23770E+00	3.78113	
1.24200E+00	3.5861	
1.24440E+00	3.50128	
1.25450E+00	3.14412	
1.25500E+00	3.13067	
1.26156E+00	2.95424	
1.26320E+00	2.91009	
1.26610E+00	2.86476	
1.26830E+00	2.83042	
1.27180E+00	2.77566	
1.27890E+00	2.71506	
1.28294E+00	2.69969	
1.28460E+00	2.69337	
1.28970E+00	2.73265	
1.29020E+00	2.73669	
1.29590E+00	2.80624	
1.29810E+00	2.92309	
1.30000E+00	3.00543	
1.30120E+00	3.05744	
1.30480E+00	3.41283	
1.30650E+00	3.49084	
1.30760E+00	3.59231	
1.30960E+00	3.77675	
1.31220E+00	3.99783	
1.31410E+00	4.08466	
1.31620E+00	4.1322	
1.31790E+00	4.08872	
1.31930E+00	4.02832	
1.32100E+00	3.91123	
1.32200E+00	4.1928	
1.32340E+00	3.8158	
1.32431E+00	3.72242	
1.32530E+00	3.62083	
1.32900E+00	3.38558	
1.32980E+00	3.33478	
1.33320E+00	3.18742	
1.33700E+00	2.97512	
1.34340E+00	2.79306	
1.34907E+00	2.6748	
1.35130E+00	2.62841	
1.35480E+00	2.60234	
1.35530E+00	2.60117	
1.36163E+00	2.58572	
1.36370E+00	2.58066	
1.36600E+00	2.55083	
1.36870E+00	2.51566	
1.37220E+00	2.48105	
1.37650E+00	2.49838	
1.38060E+00	2.55901	
1.38340E+00	2.62409	
1.38500E+00	2.6312	
1.38730E+00	2.64136	
1.38890E+00	2.94912	
1.39060E+00	3.55587	
1.39110E+00	3.9026	
1.39200E+00	4.12756	
1.39300E+00	3.86351	
1.39420E+00	3.45174	
1.39560E+00	3.17443	
1.39750E+00	3.01855	
1.39930E+00	2.98298	
1.40000E+00	2.96924	
1.40302E+00	2.90993	
1.40390E+00	2.8927	
1.40596E+00	2.88522	
1.40880E+00	2.87485	
1.41130E+00	2.86576	
1.41157E+00	2.86479	
1.41694E+00	2.84535	
1.41940E+00	2.83643	
1.42199E+00	2.77874	
1.42560E+00	2.69843	
1.42675E+00	2.67303	
1.42940E+00	2.67183	
1.43110E+00	2.96213	
1.43350E+00	2.63273	
1.43542E+00	2.57551	
1.43870E+00	2.56663	
1.43938E+00	2.5648	
1.44309E+00	2.55472	
1.44659E+00	2.54525	
1.44914E+00	2.53833	
1.44987E+00	2.53636	
1.45110E+00	2.53302	
1.45295E+00	2.53366	
1.45540E+00	2.53452	
1.45585E+00	2.53467	
1.46130E+00	2.53647	
1.46400E+00	2.53736	
1.46608E+00	2.55004	
1.47028E+00	2.57565	
1.47280E+00	2.5764	
1.47320E+00	2.67169	
1.47396E+00	2.6451	
1.47719E+00	2.57125	
1.47830E+00	2.54585	
1.48286E+00	2.48705	
1.48500E+00	2.45943	
1.48713E+00	2.42224	
1.49020E+00	2.36845	
1.49310E+00	2.32486	
1.49516E+00	2.32843	
1.49570E+00	2.32937	
1.49760E+00	2.48966	
1.49830E+00	2.50818	
1.50000E+00	2.55344	
1.50080E+00	2.57474	
1.50430E+00	2.51675	
1.50870E+00	2.41566	
1.51540E+00	2.30731	
1.52590E+00	2.24945	
1.53700E+00	2.21341	
1.53760E+00	2.21604	
1.54030E+00	2.22799	
1.54380E+00	2.32896	
1.54550E+00	2.26402	
1.54990E+00	2.19174	
1.55070E+00	2.19756	
1.55690E+00	2.24227	
1.56020E+00	2.55285	
1.56250E+00	2.28574	
1.56950E+00	2.30007	
1.57510E+00	2.40124	
1.57930E+00	2.54674	
1.58240E+00	2.65399	
1.58790E+00	2.96451	
1.59230E+00	3.37628	
1.59580E+00	3.80251	
1.59910E+00	4.30814	
1.60000E+00	4.47383	
1.60110E+00	4.67634	
1.60170E+00	4.81371	
1.60320E+00	4.93643	
1.60430E+00	4.82807	
1.60550E+00	4.68841	
1.60610E+00	4.61874	
1.60780E+00	4.39464	
1.61050E+00	3.97565	
1.61310E+00	3.70869	
1.61570E+00	3.39793	
1.61630E+00	3.35585	
1.61950E+00	3.13074	
1.62600E+00	2.90682	
1.63090E+00	2.75521	
1.63210E+00	2.86351	
1.63390E+00	2.9213	
1.63620E+00	2.80569	
1.63880E+00	2.58179	
1.64150E+00	2.48068	
1.65050E+00	2.35795	
1.65080E+00	2.35585	
1.66280E+00	2.27119	
1.66510E+00	2.2421	
1.67480E+00	2.11951	
1.67750E+00	1.85951	
1.67980E+00	1.72952	
1.68100E+00	1.91726	
1.68390E+00	2.4735	
1.68540E+00	2.53195	
1.68890E+00	2.66854	
1.69380E+00	2.82738	
1.69650E+00	2.87794	
1.70000E+00	2.82299	
1.70110E+00	2.80572	
1.70560E+00	2.78725	
1.70640E+00	2.78398	
1.71140E+00	2.98628	
1.71640E+00	3.37629	
1.71960E+00	3.5929	
1.72070E+00	3.47023	
1.72340E+00	3.41961	
1.72447E+00	3.42776	
1.73570E+00	3.51354	
1.73900E+00	3.51352	
1.74150E+00	3.51353	
1.74650E+00	3.37626	
1.75640E+00	3.0578	
1.75820E+00	3.05268	
1.76000E+00	3.17833	
1.76030E+00	3.19927	
1.76183E+00	3.03769	
1.76250E+00	2.96677	
1.76790E+00	2.67862	
1.76980E+00	2.8505	
1.77240E+00	2.60102	
1.77370E+00	2.47625	
1.77500E+00	2.46595	
1.77692E+00	2.4507	
1.78070E+00	2.4207	
1.78340E+00	2.40545	
1.78520E+00	2.46604	
1.78700E+00	2.64304	
1.78920E+00	2.55723	
1.79130E+00	2.69394	
1.79344E+00	2.72541	
1.79478E+00	2.74502	
1.79556E+00	2.75653	
1.79610E+00	2.7645	
1.79694E+00	2.82269	
1.79775E+00	2.87799	
1.79830E+00	2.91618	
1.79918E+00	3.05712	
1.79950E+00	3.10815	
1.80000E+00	3.29784	
1.80070E+00	3.56341	
1.80190E+00	3.96278	
1.80280E+00	3.76083	
1.80340E+00	3.29526	
1.80400E+00	3.06279	
1.80570E+00	3.01052	
1.80692E+00	2.97293	
1.80860E+00	2.92125	
1.81300E+00	2.83487	
1.82392E+00	2.62051	
1.82600E+00	2.57966	
1.83437E+00	2.41533	
1.83590E+00	2.38527	
1.84030E+00	2.34036	
1.84830E+00	2.25885	
1.84932E+00	2.2435	
1.85288E+00	2.19022	
1.86290E+00	2.03988	
1.86690E+00	1.97993	
1.87559E+00	1.84951	
1.87930E+00	1.79384	
1.88399E+00	1.75198	
1.88440E+00	1.74832	
1.88960E+00	1.8039	
1.89212E+00	1.86127	
1.89560E+00	1.94039	
1.90000E+00	1.94809	
1.90140E+00	1.95054	
1.90350E+00	2.28932	
1.90690E+00	2.00106	
1.91060E+00	1.93884	
1.91170E+00	1.92024	
1.91410E+00	2.04155	
1.91840E+00	1.96065	
1.92260E+00	1.94535	
1.92452E+00	2.06547	
1.92810E+00	2.28926	
1.93140E+00	2.63786	
1.93240E+00	3.02226	
1.93330E+00	3.54296	
1.93360E+00	3.82126	
1.93480E+00	3.51786	
1.93600E+00	2.93136	
1.93750E+00	2.71906	
1.93930E+00	2.66847	
1.94880E+00	2.80527	
1.95300E+00	2.86571	
1.95690E+00	3.16398	
1.96150E+00	3.32572	
1.96190E+00	3.32376	
1.96660E+00	3.30054	
1.96940E+00	3.64932	
1.97330E+00	3.2145	
1.97380E+00	3.18196	
1.97820E+00	2.89604	
1.98820E+00	2.77975	
1.99000E+00	2.77599	
1.99640E+00	2.77598	
1.99790E+00	2.76261	
2.00000E+00	2.77872	
2.01170E+00	2.88576	
2.01500E+00	2.91599	
2.01820E+00	3.17298	
2.02000E+00	3.29427	
2.02454E+00	3.13148	
2.02500E+00	3.11514	
2.02690E+00	3.04008	
2.03010E+00	3.04456	
2.03320E+00	3.04877	
2.04140E+00	3.1412	
2.04460E+00	3.22206	
2.04730E+00	3.12955	
2.05190E+00	3.16429	
2.05550E+00	3.29138	
2.06193E+00	3.3132	
2.06830E+00	3.33484	
2.07970E+00	3.30883	
2.08320E+00	3.33116	
2.08420E+00	3.33771	
2.08970E+00	3.46768	
2.09650E+00	3.47921	
2.10000E+00	3.52393	
2.10600E+00	3.60058	
2.10920E+00	3.67873	
2.11380E+00	3.59775	
2.12240E+00	3.33178	
2.12560E+00	3.10653	
2.12870E+00	3.0771	
2.13200E+00	3.04587	
2.13650E+00	2.79449	
2.13850E+00	2.80445	
2.14290E+00	2.82626	
2.14790E+00	2.95906	
2.14942E+00	3.02051	
2.15040E+00	3.06026	
2.15290E+00	3.16139	
2.15660E+00	3.22792	
2.16000E+00	3.25616	
2.16110E+00	3.26542	
2.16790E+00	3.13829	
2.16920E+00	3.11162	
2.17500E+00	2.99268	
2.17790E+00	2.93321	
2.18400E+00	2.93754	
2.19020E+00	2.94193	
2.19610E+00	3.10076	
2.20000E+00	3.51482	
2.20070E+00	3.58914	
2.20250E+00	3.69028	
2.20390E+00	3.57745	
2.20930E+00	2.95079	
2.21000E+00	2.93922	
2.21430E+00	2.86929	
2.21660E+00	2.8321	
2.21930E+00	3.14119	
2.22000E+00	3.22418	
2.22120E+00	3.36645	
2.22530E+00	2.991	
2.23250E+00	2.81469	
2.23380E+00	2.80469	
2.23850E+00	2.76852	
2.24000E+00	2.80106	
2.24210E+00	2.84649	
2.24530E+00	3.14122	
2.25120E+00	2.76851	
2.25580E+00	2.81466	
2.25980E+00	2.75237	
2.26080E+00	2.73666	
2.26530E+00	2.98233	
2.26850E+00	3.06595	
2.27080E+00	3.30589	
2.27440E+00	3.12099	
2.28000E+00	3.05007	
2.28580E+00	2.97669	
2.28900E+00	2.93607	
2.29000E+00	2.93021	
2.29530E+00	2.8985	
2.30000E+00	2.89221	
2.31040E+00	2.87828	
2.31350E+00	3.13255	
2.31900E+00	2.88702	
2.32000E+00	2.85549	
2.32450E+00	2.71359	
2.33000E+00	2.66262	
2.33540E+00	2.61248	
2.33670E+00	2.62456	
2.34220E+00	2.67603	
2.34630E+00	2.7858	
2.36000E+00	2.80582	
2.36200E+00	2.8087	
2.37570E+00	2.80899	
2.38000E+00	2.92585	
2.38680E+00	2.96316	
2.39880E+00	3.02197	
2.40000E+00	3.15886	
2.40580E+00	3.29646	
2.41000E+00	3.41792	
2.41130E+00	3.45543	
2.41530E+00	3.53491	
2.41870E+00	3.45543	
2.42270E+00	3.25681	
2.42620E+00	3.37209	
2.42670E+00	3.3696	
2.43620E+00	3.31819	
2.43870E+00	3.25678	
2.44320E+00	3.32899	
2.45410E+00	3.23511	
2.45560E+00	3.40848	
2.45960E+00	3.74794	
2.46210E+00	3.52043	
2.46660E+00	3.10874	
2.47660E+00	3.00399	
2.48950E+00	2.99763	
2.49150E+00	2.99672	
2.49800E+00	2.96135	
2.50000E+00	2.95057	
2.50350E+00	2.93173	
2.51000E+00	2.96717	
2.51540E+00	2.99667	
2.52000E+00	3.28069	
2.52090E+00	3.33622	
2.52490E+00	3.75152	
2.52690E+00	3.50597	
2.52940E+00	3.37587	
2.53000E+00	3.29793	
2.53340E+00	2.85587	
2.53840E+00	3.09795	
2.54230E+00	2.87764	
2.54830E+00	2.6392	
2.55040E+00	2.62848	
2.56000E+00	2.57941	
2.56030E+00	2.57782	
2.56330E+00	2.99312	
2.56580E+00	3.30374	
2.56830E+00	3.65036	
2.57020E+00	3.14836	
2.57320E+00	2.65006	
2.57970E+00	2.45864	
2.58500E+00	2.40989	
2.59420E+00	2.40812	
2.59970E+00	2.54173	
2.60000E+00	2.92937	
2.60110E+00	2.72228	
2.60610E+00	2.48032	
2.60890E+00	2.46299	
2.61000E+00	2.45597	
2.61540E+00	2.42242	
2.62060E+00	2.38996	
2.63000E+00	2.38585	
2.63700E+00	2.38279	
2.64953E+00	2.6383	
2.65400E+00	2.72951	
2.67190E+00	2.42995	
2.67640E+00	2.53812	
2.68000E+00	2.52827	
2.68440E+00	2.51642	
2.69730E+00	2.20222	
2.69990E+00	2.36335	
2.70330E+00	2.57424	
2.71000E+00	2.67987	
2.71430E+00	2.74764	
2.71880E+00	2.697	
2.72000E+00	2.72999	
2.72100E+00	2.75751	
2.72720E+00	2.92814	
2.73170E+00	2.93896	
2.74054E+00	2.69781	
2.75020E+00	2.69339	
2.75580E+00	2.57058	
2.76000E+00	2.54841	
2.77011E+00	2.49213	
2.77300E+00	2.48073	
2.78500E+00	2.4334	
2.79090E+00	2.49309	
2.79750E+00	2.55978	
2.80000E+00	2.58515	
2.80422E+00	2.62785	
2.81180E+00	2.70457	
2.81231E+00	2.70663	
2.81470E+00	2.71632	
2.81990E+00	2.73665	
2.82370E+00	2.7364	
2.82800E+00	2.70835	
2.83000E+00	2.67572	
2.83398E+00	2.576	
2.84000E+00	2.47569	
2.84100E+00	2.45897	
2.84590E+00	2.58178	
2.85034E+00	2.54656	
2.85171E+00	2.53575	
2.86000E+00	2.47001	
2.86050E+00	2.46618	
2.86268E+00	2.47102	
2.88000E+00	2.5095	
2.88128E+00	2.51232	
2.88330E+00	2.51677	
2.89460E+00	2.4373	
2.90000E+00	2.4597	
2.90680E+00	2.4879	
2.90740E+00	2.49568	
2.91270E+00	2.56414	
2.92000E+00	2.65825	
2.92470E+00	2.71899	
2.94180E+00	2.22792	
2.94370E+00	2.25474	
2.94958E+00	2.33754	
2.95000E+00	2.34352	
2.95230E+00	2.37588	
2.97260E+00	2.43015	
2.98030E+00	2.30961	
2.98160E+00	2.28931	
2.99460E+00	2.30643	
3.00000E+00	2.31364	
3.00350E+00	2.3182	
3.02000E+00	2.1148	
3.03280E+00	1.95698	
3.04330E+00	1.94259	
3.06450E+00	1.66814	
3.06610E+00	1.65959	
3.07000E+00	1.6388	
3.07670E+00	1.60311	
3.08340E+00	1.6094	
3.09210E+00	1.61759	
3.09300E+00	1.62863	
3.09839E+00	1.69472	
3.09970E+00	1.69733	
3.11240E+00	1.7145	
3.11390E+00	1.86671	
3.11941E+00	1.92655	
3.12000E+00	1.93158	
3.14410E+00	2.1376	
3.15380E+00	2.38038	
3.15550E+00	2.42288	
3.15750E+00	2.38517	
3.15945E+00	2.34843	
3.16680E+00	2.20978	
3.17000E+00	2.31116	
3.17660E+00	2.52025	
3.18000E+00	2.55694	
3.18230E+00	2.58182	
3.18500E+00	2.50591	
3.18543E+00	2.49373	
3.19450E+00	2.23869	
3.19720E+00	2.21535	
3.20000E+00	2.1912	
3.20150E+00	2.17826	
3.20830E+00	2.11946	
3.21340E+00	2.18764	
3.21560E+00	2.21707	
3.22434E+00	2.33408	
3.23000E+00	2.33619	
3.24320E+00	2.32857	
3.25300E+00	2.31015	
3.25400E+00	2.31192	
3.26190E+00	2.43369	
3.26739E+00	2.43717	
3.27000E+00	2.43731	
3.27900E+00	2.39624	
3.29230E+00	2.24235	
3.29630E+00	2.14072	
3.29848E+00	2.09354	
3.30005E+00	2.08161	
3.30170E+00	2.06898	
3.31230E+00	2.01484	
3.32000E+00	2.06829	
3.32476E+00	2.10134	
3.32530E+00	2.10512	
3.33260E+00	2.25773	
3.33670E+00	2.34355	
3.34720E+00	2.54933	
3.36020E+00	2.48069	
3.36217E+00	2.5262	
3.37160E+00	2.74431	
3.37680E+00	2.73741	
3.37970E+00	2.73347	
3.38980E+00	2.46737	
3.39110E+00	2.43304	
3.39190E+00	2.41206	
3.39330E+00	2.39549	
3.39730E+00	2.34803	
3.40000E+00	2.31615	
3.40410E+00	2.26759	
3.41630E+00	2.31818	
3.44640E+00	2.16647	
3.44893E+00	2.1883	
3.48370E+00	2.48791	
3.49000E+00	2.4686	
3.49430E+00	2.45543	
3.49580E+00	2.45647	
3.49710E+00	2.45764	
3.49857E+00	2.45883	
3.50000E+00	2.45998	
3.50600E+00	2.46473	
3.51700E+00	2.47349	
3.52366E+00	2.53937	
3.53540E+00	2.65558	
3.54520E+00	2.73934	
3.55600E+00	2.75077	
3.56860E+00	2.54402	
3.57660E+00	2.41281	
3.58850E+00	2.28282	
3.60000E+00	2.31125	
3.61700E+00	2.35351	
3.63620E+00	2.40144	
3.63660E+00	2.40672	
3.63850E+00	2.43325	
3.65030E+00	2.59767	
3.66220E+00	2.38388	
3.67740E+00	2.45609	
3.68460E+00	2.57051	
3.68690E+00	2.60704	
3.69140E+00	2.67865	
3.69865E+00	2.71277	
3.70550E+00	2.74502	
3.71200E+00	2.49659	
3.71720E+00	2.54053	
3.73150E+00	2.66123	
3.74380E+00	2.2907	
3.74560E+00	2.23654	
3.75000E+00	2.2182	
3.75320E+00	2.20477	
3.75480E+00	2.22646	
3.76200E+00	2.22671	
3.76380E+00	2.3237	
3.76730E+00	2.34796	
3.77000E+00	2.39541	
3.77410E+00	2.37058	
3.78460E+00	2.33299	
3.78660E+00	2.23678	
3.78960E+00	2.23951	
3.79650E+00	2.24383	
3.80000E+00	2.21501	
3.80070E+00	2.20723	
3.80950E+00	2.10935	
3.81000E+00	2.10979	
3.83880E+00	2.13528	
3.84000E+00	2.09595	
3.84150E+00	2.04661	
3.84750E+00	1.84938	
3.85000E+00	1.85285	
3.85610E+00	1.86106	
3.87130E+00	2.12377	
3.88860E+00	1.75981	
3.89872E+00	1.81696	
3.90000E+00	1.8242	
3.90140E+00	1.83211	
3.90600E+00	1.85819	
3.90700E+00	1.86381	
3.91460E+00	2.14991	
3.93090E+00	1.99965	
3.96340E+00	2.31169	
3.98610E+00	2.27408	
4.00000E+00	2.30298	
4.00100E+00	2.30503	
4.00560E+00	2.31456	
4.00760E+00	2.28633	
4.01540E+00	2.17591	
4.02510E+00	2.25975	
4.03560E+00	2.16142	
4.04000E+00	2.16122	
4.05000E+00	2.12031	
4.05660E+00	2.02445	
4.06200E+00	1.965	
4.06520E+00	1.95231	
4.08800E+00	1.94466	
4.09770E+00	2.36667	
4.10000E+00	2.39275	
4.10400E+00	2.36363	
4.12520E+00	2.31074	
4.15300E+00	2.04645	
4.17360E+00	1.6963	
4.17500E+00	1.84275	
4.18760E+00	2.04303	
4.20000E+00	2.33934	
4.20248E+00	2.39863	
4.20610E+00	2.48499	
4.21260E+00	2.52835	
4.23200E+00	2.23867	
4.23290E+00	2.22523	
4.23640E+00	2.17298	
4.25102E+00	2.21202	
4.25480E+00	2.22214	
4.27220E+00	2.1701	
4.28410E+00	2.35501	
4.28730E+00	2.35885	
4.29400E+00	2.36703	
4.29820E+00	2.37215	
4.30000E+00	2.39175	
4.31660E+00	2.57169	
4.32487E+00	2.45686	
4.33111E+00	2.37015	
4.34260E+00	2.21051	
4.35230E+00	2.19028	
4.36100E+00	2.32609	
4.37070E+00	2.22206	
4.39570E+00	2.22211	
4.39682E+00	2.21441	
4.40000E+00	2.19254	
4.42510E+00	2.01992	
4.44917E+00	1.92154	
4.45690E+00	1.88994	
4.48630E+00	1.87245	
4.49726E+00	1.83047	
4.50000E+00	1.81999	
4.52396E+00	1.7282	
4.53040E+00	1.70351	
4.53530E+00	1.68471	
4.54285E+00	1.75719	
4.57080E+00	2.02561	
4.58300E+00	2.1643	
4.59400E+00	2.14412	
4.60000E+00	2.09371	
4.60260E+00	2.07189	
4.62440E+00	2.07439	
4.62830E+00	2.07479	
4.64060E+00	2.2221	
4.66779E+00	2.11868	
4.66870E+00	2.11523	
4.69810E+00	1.87832	
4.70000E+00	1.87718	
4.70050E+00	1.87688	
4.70790E+00	1.87248	
4.72260E+00	1.97067	
4.72518E+00	1.97162	
4.75000E+00	1.98072	
4.75440E+00	1.98229	
4.76244E+00	2.02119	
4.77770E+00	2.09498	
4.80000E+00	2.08483	
4.80950E+00	2.0805	
4.84780E+00	2.01584	
4.85460E+00	2.00433	
4.85860E+00	1.99761	
4.86150E+00	1.99266	
4.88300E+00	1.95615	
4.89898E+00	1.94756	
4.95280E+00	1.91866	
4.97110E+00	1.80901	
4.97930E+00	1.79636	
4.98000E+00	1.7952	
5.00000E+00	1.76432	
5.00290E+00	1.75981	
5.01640E+00	1.8292	
5.05680E+00	1.8465	
5.07400E+00	1.93611	
5.10460E+00	1.89849	
5.11970E+00	1.91501	
5.12348E+00	1.91912	
5.13000E+00	1.92622	
5.13640E+00	1.93321	
5.16090E+00	2.10938	
5.17190E+00	2.08344	
5.18290E+00	1.98521	
5.20000E+00	2.04583	
5.24410E+00	2.20206	
5.25000E+00	2.2038	
5.27000E+00	2.21021	
5.27110E+00	2.21048	
5.27800E+00	2.12303	
5.29070E+00	1.96206	
5.30000E+00	1.93733	
5.31020E+00	1.91009	
5.32980E+00	2.02284	
5.33265E+00	2.01783	
5.34940E+00	1.98829	
5.36290E+00	1.99125	
5.37100E+00	2.06415	
5.39800E+00	2.07682	
5.39960E+00	2.07798	
5.40470E+00	2.0748	
5.41568E+00	1.96362	
5.42160E+00	1.92163	
5.43512E+00	1.8969	
5.44370E+00	1.8812	
5.45960E+00	2.24515	
5.46570E+00	2.34919	
5.48410E+00	1.9592	
5.49630E+00	1.97937	
5.50000E+00	1.9293	
5.51380E+00	1.7425	
5.52890E+00	1.84071	
5.53065E+00	1.8646	
5.54240E+00	2.02558	
5.55760E+00	1.99944	
5.56420E+00	1.98809	
5.57230E+00	2.03542	
5.58600E+00	2.11524	
5.60000E+00	2.13116	
5.60509E+00	2.13703	
5.60620E+00	2.13831	
5.61600E+00	2.0781	
5.62361E+00	2.03128	
5.63000E+00	1.99199	
5.63300E+00	1.97371	
5.64097E+00	1.95315	
5.65990E+00	1.9043	
5.69522E+00	1.89239	
5.72160E+00	1.8835	
5.73720E+00	1.8783	
5.75000E+00	1.8755	
5.77000E+00	1.87121	
5.77260E+00	1.8706	
5.80000E+00	1.87059	
5.85000E+00	1.86481	
5.87367E+00	1.84898	
5.88000E+00	1.8476	
5.90500E+00	1.84211	
5.90560E+00	1.84208	
5.90810E+00	1.84158	
5.91280E+00	1.84061	
5.93000E+00	1.8368	
5.95210E+00	1.83208	
5.95500E+00	1.8441	
5.96890E+00	1.90141	
5.98740E+00	1.7425	
6.00000E+00	1.73581	
6.00920E+00	1.73581	
6.01270E+00	1.73093	
6.02500E+00	1.7485	
6.04780E+00	1.8101	
6.05000E+00	1.92452	
6.06460E+00	1.92574	
6.07810E+00	1.93319	
6.10000E+00	1.7512	
6.12500E+00	1.82292	
6.12840E+00	1.90478	
6.14020E+00	1.9159	
6.15000E+00	2.1123	
6.15870E+00	2.13525	
6.17500E+00	2.15574	
6.17710E+00	2.10448	
6.20000E+00	2.09788	
6.20570E+00	1.9244	
6.21630E+00	1.88119	
6.22920E+00	1.92292	
6.24100E+00	1.97746	
6.25000E+00	1.98041	
6.26450E+00	1.98521	
6.26534E+00	1.98232	
6.27360E+00	1.95388	
6.27975E+00	1.93269	
6.30000E+00	1.86299	
6.30480E+00	1.8465	
6.30687E+00	1.85532	
6.32945E+00	1.95145	
6.33070E+00	1.95676	
6.33330E+00	1.96789	
6.34520E+00	1.87839	
6.35000E+00	1.84231	
6.35162E+00	1.83008	
6.36000E+00	1.76659	
6.36998E+00	1.73578	
6.38000E+00	1.73571	
6.38200E+00	1.70532	
6.38609E+00	1.6992	
6.40000E+00	1.6992	
6.40550E+00	1.69919	
6.41280E+00	1.7554	
6.41416E+00	1.76586	
6.41820E+00	1.79699	
6.41900E+00	1.80321	
6.42510E+00	1.80402	
6.42690E+00	1.80422	
6.43000E+00	1.8046	
6.43568E+00	1.80531	
6.44200E+00	1.8061	
6.44910E+00	1.80701	
6.45170E+00	1.80735	
6.46430E+00	1.80899	
6.47580E+00	1.76372	
6.48780E+00	1.7165	
6.50000E+00	1.7976	
6.51300E+00	1.8841	
6.53000E+00	1.9688	
6.54490E+00	2.04315	
6.55130E+00	2.04749	
6.56162E+00	2.05489	
6.56510E+00	2.05738	
6.58000E+00	1.9528	
6.59020E+00	1.88121	
6.60000E+00	1.87331	
6.62000E+00	1.8572	
6.62382E+00	1.85413	
6.65000E+00	1.8331	
6.65514E+00	1.82895	
6.66920E+00	1.81761	
6.67479E+00	1.80136	
6.71790E+00	1.6761	
6.72500E+00	1.6777	
6.75000E+00	1.68322	
6.76990E+00	1.6876	
6.78000E+00	1.7476	
6.78076E+00	1.75208	
6.79180E+00	1.81759	
6.80000E+00	1.8392	
6.80778E+00	1.85974	
6.82000E+00	1.89201	
6.82500E+00	1.89269	
6.83370E+00	1.8755	
6.85000E+00	1.84359	
6.85534E+00	1.65947	
6.86730E+00	1.55759	
6.87386E+00	1.59323	
6.87500E+00	1.5994	
6.89122E+00	1.68742	
6.89920E+00	1.73074	
6.90000E+00	1.7299	
6.91825E+00	1.7082	
6.92500E+00	1.70018	
6.93000E+00	1.6943	
6.93340E+00	1.69021	
6.94290E+00	1.67889	
6.95000E+00	1.68019	
6.95901E+00	1.6819	
6.96000E+00	1.68209	
6.97500E+00	1.68478	
6.98990E+00	1.68756	
7.00000E+00	1.7142	
7.00110E+00	1.7142	
7.00980E+00	1.71719	
7.01830E+00	1.74073	
7.02500E+00	1.7627	
7.05000E+00	1.7621	
7.06063E+00	1.69629	
7.07500E+00	1.60879	
7.10000E+00	1.60669	
7.11411E+00	1.82013	
7.11610E+00	1.82339	
7.12500E+00	1.7349	
7.14340E+00	1.55181	
7.15000E+00	1.5794	
7.16620E+00	1.64719	
7.17500E+00	1.6123	
7.18440E+00	1.57491	
7.19000E+00	1.63027	
7.20000E+00	1.72912	
7.20720E+00	1.80032	
7.20868E+00	1.79434	
7.22080E+00	1.7454	
7.22500E+00	1.72622	
7.23000E+00	1.70336	
7.24360E+00	1.64138	
7.25000E+00	1.67811	
7.26628E+00	1.77126	
7.27500E+00	1.77139	
7.28043E+00	1.75745	
7.30000E+00	1.73819	
7.32500E+00	1.71348	
7.35000E+00	1.68887	
7.37500E+00	1.66431	
7.38221E+00	1.6572	
7.38940E+00	1.65011	
7.40000E+00	1.63966	
7.41870E+00	1.62119	
7.42200E+00	1.62907	
7.42500E+00	1.6363	
7.44000E+00	1.67244	
7.45000E+00	1.69637	
7.47000E+00	1.74456	
7.47500E+00	1.75647	
7.48240E+00	1.7743	
7.50000E+00	1.80184	
7.51200E+00	1.8205	
7.52500E+00	1.80197	
7.53031E+00	1.79444	
7.55000E+00	1.76652	
7.55884E+00	1.75393	
7.56890E+00	1.73961	
7.57500E+00	1.74791	
7.58569E+00	1.76257	
7.59910E+00	1.78097	
7.60000E+00	1.78207	
7.61094E+00	1.79704	
7.62199E+00	1.81216	
7.62500E+00	1.81627	
7.62810E+00	1.82046	
7.63470E+00	1.82046	
7.65000E+00	1.82046	
7.65703E+00	1.82048	
7.67500E+00	1.82048	
7.67803E+00	1.78163	
7.69777E+00	1.74406	
7.70000E+00	1.73981	
7.71479E+00	1.71163	
7.71632E+00	1.70871	
7.72500E+00	1.70779	
7.73375E+00	1.69702	
7.75000E+00	1.68668	
7.75300E+00	1.68482	
7.76654E+00	1.6763	
7.77500E+00	1.67097	
7.77590E+00	1.67027	
7.79090E+00	1.63985	
7.79535E+00	1.63086	
7.80000E+00	1.62145	
7.81010E+00	1.60092	
7.82064E+00	1.64106	
7.82500E+00	1.65768	
7.84284E+00	1.72562	
7.85000E+00	1.75291	
7.85610E+00	1.77612	
7.86231E+00	1.79976	
7.86700E+00	1.81761	
7.87500E+00	1.8	
7.89651E+00	1.7526	
7.90000E+00	1.7449	
7.90110E+00	1.74249	
7.92226E+00	1.71771	
7.92500E+00	1.71449	
7.94162E+00	1.69502	
7.95000E+00	1.6852	
7.96000E+00	1.67339	
7.97076E+00	1.66081	
7.97500E+00	1.65585	
7.98980E+00	1.63849	
8.00000E+00	1.67406	
8.02000E+00	1.74378	
8.02500E+00	1.76122	
8.02620E+00	1.76558	
8.05000E+00	1.77289	
8.06086E+00	1.77616	
8.07500E+00	1.78044	
8.09220E+00	1.78579	
8.10000E+00	1.7702	
8.11448E+00	1.74132	
8.12217E+00	1.72598	
8.12500E+00	1.72034	
8.13180E+00	1.70679	
8.14860E+00	1.67329	
8.15000E+00	1.67057	
8.16170E+00	1.64723	
8.17500E+00	1.62069	
8.18780E+00	1.5952	
8.20000E+00	1.5863	
8.21960E+00	1.57199	
8.22500E+00	1.58439	
8.23000E+00	1.59578	
8.24499E+00	1.63012	
8.25000E+00	1.64159	
8.25370E+00	1.65011	
8.27000E+00	1.61768	
8.27500E+00	1.60783	
8.30000E+00	1.55798	
8.30802E+00	1.54206	
8.30894E+00	1.54023	
8.32200E+00	1.5143	
8.32500E+00	1.52604	
8.35000E+00	1.62343	
8.35560E+00	1.64529	
8.37500E+00	1.64724	
8.40000E+00	1.64844	
8.42000E+00	1.64995	
8.42500E+00	1.65112	
8.42749E+00	1.65158	
8.45000E+00	1.65299	
8.47500E+00	1.65446	
8.50000E+00	1.65612	
8.52000E+00	1.65727	
8.52500E+00	1.65759	
8.55000E+00	1.6592	
8.57500E+00	1.6607	
8.60000E+00	1.6622	
8.62233E+00	1.66362	
8.62500E+00	1.66378	
8.65000E+00	1.66526	
8.67500E+00	1.6669	
8.68370E+00	1.66741	
8.70000E+00	1.66902	
8.72500E+00	1.6714	
8.74643E+00	1.67344	
8.75000E+00	1.67378	
8.77500E+00	1.67626	
8.79000E+00	1.67778	
8.80000E+00	1.67874	
8.80914E+00	1.67963	
8.82000E+00	1.68069	
8.82500E+00	1.68124	
8.83160E+00	1.68185	
8.85000E+00	1.66225	
8.86000E+00	1.65157	
8.87500E+00	1.63563	
8.90000E+00	1.60906	
8.90220E+00	1.60667	
8.91000E+00	1.60413	
8.92500E+00	1.59901	
8.95000E+00	1.59057	
8.97500E+00	1.58225	
8.97950E+00	1.58066	
9.00000E+00	1.58076	
9.01000E+00	1.58652	
9.03470E+00	1.58934	
9.05000E+00	1.5963	
9.07000E+00	1.60061	
9.08200E+00	1.60624	
9.12248E+00	1.59421	
9.12500E+00	1.59325	
9.15000E+00	1.58366	
9.20000E+00	1.56468	
9.23080E+00	1.5529	
9.26400E+00	1.54031	
9.30933E+00	1.57189	
9.35000E+00	1.60023	
9.43390E+00	1.65872	
9.49730E+00	1.65587	
9.50000E+00	1.65578	
9.58000E+00	1.6522	
9.60000E+00	1.65129	
9.62500E+00	1.65022	
9.65000E+00	1.64912	
9.74679E+00	1.64479	
9.75000E+00	1.64465	
9.76550E+00	1.64398	
9.85000E+00	1.64029	
9.90000E+00	1.63811	
9.95000E+00	1.63592	
9.95570E+00	1.63563	
9.98000E+00	1.63235	
1.00000E+01	1.62965	
1.00500E+01	1.62285	
1.01000E+01	1.61617	
1.01500E+01	1.60939	
1.02350E+01	1.59802	
1.02470E+01	1.59938	
1.02500E+01	1.59973	
1.04000E+01	1.61668	
1.05000E+01	1.62787	
1.07471E+01	1.65587	
1.07500E+01	1.6562	
1.09260E+01	1.67613	
1.10000E+01	1.67635	
1.12472E+01	1.67699	
1.15000E+01	1.67765	
1.17473E+01	1.67819	
1.17500E+01	1.6782	
1.19000E+01	1.67855	
1.20000E+01	1.67893	
1.20190E+01	1.67891	
1.20300E+01	1.67911	
1.21000E+01	1.68039	
1.22000E+01	1.68216	
1.23000E+01	1.68402	
1.25000E+01	1.68756	
1.26000E+01	1.68943	
1.29500E+01	1.6957	
1.29587E+01	1.69556	
1.30000E+01	1.6965	
1.30100E+01	1.69668	
1.31308E+01	1.69886	
1.32000E+01	1.7001	
1.32400E+01	1.7009	
1.33000E+01	1.7019	
1.33141E+01	1.70216	
1.34600E+01	1.70481	
1.35000E+01	1.70553	
1.36233E+01	1.70777	
1.37900E+01	1.7108	
1.38104E+01	1.71116	
1.39480E+01	1.71361	
1.40000E+01	1.7151	
1.40200E+01	1.71565	
1.41190E+01	1.71839	
1.42478E+01	1.72206	
1.44000E+01	1.7264	
1.45000E+01	1.72924	
1.47100E+01	1.7352	
1.50000E+01	1.7434	
1.55000E+01	1.75753	
1.56830E+01	1.7627	
1.60000E+01	1.76909	
1.65000E+01	1.7792	
1.70000E+01	1.78931	
1.70400E+01	1.79011	
1.74950E+01	1.7993	
1.75000E+01	1.7994	
1.80000E+01	1.80951	
1.81237E+01	1.812	
1.83109E+01	1.81578	
1.84010E+01	1.8176	
1.85000E+01	1.81993	
1.90000E+01	1.8317	
1.95000E+01	1.84348	
1.96238E+01	1.8464	
1.97172E+01	1.8486	
1.98581E+01	1.85192	
1.99470E+01	1.85402	
2.00000E+01	1.85522	
