E(MeV)	mcnp/Pb-208:1
1.00000E-11	46.65444372
1.21224E-11	42.60307939
1.54025E-11	38.10787302
1.98403E-11	33.94679611
2.56287E-11	30.28976745
3.00665E-11	28.26124491
3.61443E-11	26.14271218
4.26081E-11	24.43425994
5.36061E-11	22.31718034
6.15169E-11	21.18598098
7.63739E-11	19.59963028
9.48968E-11	18.22308043
1.24225E-10	16.78518175
1.38117E-10	16.29341271
1.58184E-10	15.72014805
1.99860E-10	14.8674054
2.47711E-10	14.21948634
3.00193E-10	13.73484751
3.86633E-10	13.21429548
4.42202E-10	12.98476393
5.28642E-10	12.72236506
6.15083E-10	12.53312809
7.38569E-10	12.33931027
8.25010E-10	12.23808101
9.97891E-10	12.08817706
1.19547E-09	11.96991313
1.35639E-09	11.8990395
1.35643E-09	11.89902086
1.54123E-09	11.83588186
2.08457E-09	11.71505709
2.38094E-09	11.67238447
2.77609E-09	11.62965293
3.17125E-09	11.59756421
3.96156E-09	11.55257947
4.55430E-09	11.52907858
5.14703E-09	11.51098601
6.33250E-09	11.48495311
7.71555E-09	11.46468393
9.49375E-09	11.44729241
1.06792E-08	11.43891187
1.26550E-08	11.4284297
1.58163E-08	11.41709892
1.81872E-08	11.41118176
2.21388E-08	11.404132
2.53000E-08	11.40007537
3.09338E-08	11.39489706
3.65676E-08	11.39131083
4.78352E-08	11.386668
5.62859E-08	11.38440263
7.03704E-08	11.38183315
8.16380E-08	11.38041345
1.15441E-07	11.37781281
1.60511E-07	11.37604296
1.83046E-07	11.37548339
2.50652E-07	11.37440542
3.40793E-07	11.3736292
3.85863E-07	11.37337598
5.66145E-07	11.37276239
7.46427E-07	11.37244147
9.26708E-07	11.37224305
1.28727E-06	11.37200853
1.82812E-06	11.3718235
2.90981E-06	11.37164634
4.35206E-06	11.37152987
7.23657E-06	11.37140229
1.01211E-05	11.37131586
1.73323E-05	11.3711461
4.04084E-05	11.37068521
9.23296E-05	11.36970161
2.30786E-04	11.36710901
5.53851E-04	11.36107609
1.29229E-03	11.3473054
2.95376E-03	11.31638771
5.90750E-03	11.26163966
1.47687E-02	11.09903751
3.24911E-02	10.78120696
4.13523E-02	10.62636523
4.65214E-02	10.53784567
4.68906E-02	10.53159448
4.70752E-02	10.52847445
4.71213E-02	10.52769716
4.71675E-02	10.52692692
4.71906E-02	10.52655231
4.72021E-02	10.52637396
4.72136E-02	10.52621242
4.72252E-02	10.52609138
4.72310E-02	10.52607289
4.72367E-02	10.52613483
4.72425E-02	10.52641519
4.72454E-02	10.52687208
4.72468E-02	10.52748179
4.72483E-02	10.52906914
4.72490E-02	10.53071267
4.72497E-02	10.53343308
4.72504E-02	10.53784192
4.72511E-02	10.54477391
4.72526E-02	10.57054115
4.72540E-02	10.62017688
4.72569E-02	10.79108145
4.72587E-02	10.88999489
4.72600E-02	10.91532429
4.72607E-02	10.90687564
4.72624E-02	10.83610782
4.72646E-02	10.6949299
4.72660E-02	10.61787702
4.72675E-02	10.56927627
4.72689E-02	10.54395219
4.72697E-02	10.53721965
4.72704E-02	10.53296374
4.72711E-02	10.5303464
4.72719E-02	10.52876208
4.72733E-02	10.52721484
4.72748E-02	10.52656289
4.72777E-02	10.52598658
4.72835E-02	10.52547159
4.72894E-02	10.52518942
4.72952E-02	10.52499553
4.73069E-02	10.52470397
4.73185E-02	10.52446083
4.73302E-02	10.52423886
4.73536E-02	10.52381937
4.74002E-02	10.52301172
4.74469E-02	10.52221656
4.76336E-02	10.51906071
4.80071E-02	10.51277355
5.32350E-02	10.42665339
5.92098E-02	10.33697355
6.29441E-02	10.29503484
6.51847E-02	10.28553345
6.74252E-02	10.31174815
6.92923E-02	10.44768677
6.98525E-02	10.58430383
7.02259E-02	10.78403219
7.05527E-02	11.20809513
7.06927E-02	11.61404339
7.07861E-02	12.08748639
7.08327E-02	12.44381809
7.09027E-02	13.2585254
7.09261E-02	13.65101601
7.09611E-02	14.42041188
7.09961E-02	15.53425815
7.10194E-02	16.57766962
7.10311E-02	17.23068526
7.10545E-02	18.91085892
7.10661E-02	20.00442632
7.10778E-02	21.32998006
7.10895E-02	22.95546591
7.11011E-02	24.95627844
7.11128E-02	27.47034517
7.11245E-02	30.68529681
7.11303E-02	32.61830198
7.11420E-02	37.31503593
7.11478E-02	40.15889344
7.11595E-02	47.02709398
7.11658E-02	51.45883109
7.11974E-02	77.45668644
7.12037E-02	81.17755287
7.12100E-02	83.06710878
7.12163E-02	82.82232832
7.12226E-02	80.41559527
7.12289E-02	76.17909569
7.12353E-02	70.68905646
7.12542E-02	52.41928196
7.12605E-02	46.96194167
7.12669E-02	42.14390265
7.12732E-02	37.95157196
7.12796E-02	34.34655266
7.12860E-02	31.26467087
7.12923E-02	28.64000617
7.12987E-02	26.39749903
7.13050E-02	24.48147414
7.13114E-02	22.83994461
7.13177E-02	21.43093368
7.13305E-02	19.15820958
7.13368E-02	18.24069665
7.13495E-02	16.74632208
7.13622E-02	15.58814247
7.13750E-02	14.67083798
7.13877E-02	13.94041145
7.14131E-02	12.87369326
7.14258E-02	12.48015515
7.14512E-02	11.88022248
7.14894E-02	11.28908786
7.15148E-02	11.0234481
7.15657E-02	10.66958791
7.16674E-02	10.32749327
7.17691E-02	10.18867884
7.19217E-02	10.11529236
7.22777E-02	10.11652683
7.32950E-02	10.29731683
7.45156E-02	10.69048266
7.49225E-02	10.92258142
7.55328E-02	11.4876192
7.57363E-02	11.77351813
7.60414E-02	12.35684461
7.63466E-02	13.23279969
7.65501E-02	14.079974
7.66518E-02	14.61994587
7.68552E-02	16.03485499
7.69570E-02	16.9707808
7.70587E-02	18.1165556
7.71604E-02	19.53429108
7.72621E-02	21.30563898
7.73638E-02	23.54638569
7.74656E-02	26.41204589
7.75164E-02	28.14002643
7.76181E-02	32.33785274
7.76690E-02	34.87629489
7.77707E-02	41.0044839
7.78306E-02	45.33107103
7.78905E-02	50.19187443
7.80703E-02	66.49355013
7.81302E-02	71.33443234
7.81901E-02	74.97495691
7.82500E-02	76.87889101
7.83099E-02	76.74845064
7.83698E-02	74.63821049
7.84297E-02	70.91949986
7.86694E-02	50.68976715
7.87293E-02	46.1193617
7.87902E-02	41.98006473
7.88510E-02	38.34873643
7.89119E-02	35.19133205
7.89728E-02	32.45769068
7.90337E-02	30.09500661
7.90946E-02	28.05127486
7.92163E-02	24.74006539
7.92772E-02	23.39733309
7.93990E-02	21.18914686
7.95816E-02	18.75489877
7.97034E-02	17.54277073
7.98252E-02	16.56366447
7.99469E-02	15.76325295
8.01905E-02	14.54776273
8.05558E-02	13.34046153
8.09211E-02	12.56083761
8.14081E-02	11.88648317
8.18952E-02	11.44693666
8.26258E-02	11.02403937
8.40870E-02	10.56974526
8.56699E-02	10.32383441
8.60961E-02	10.35417925
8.62788E-02	10.57996576
8.63549E-02	10.94135221
8.64005E-02	11.4599231
8.64234E-02	11.9286927
8.64386E-02	12.39060638
8.64462E-02	12.68788324
8.64614E-02	13.47515282
8.64690E-02	14.00111946
8.64766E-02	14.6494003
8.64842E-02	15.45645317
8.64918E-02	16.46999046
8.65033E-02	18.50533863
8.65109E-02	20.34954224
8.65147E-02	21.45808891
8.65223E-02	24.10717536
8.65270E-02	26.05600727
8.65317E-02	28.24010134
8.65459E-02	35.40235056
8.65506E-02	37.49711907
8.65553E-02	39.08249105
8.65600E-02	39.95244345
8.65647E-02	39.98317731
8.65694E-02	39.18003628
8.65741E-02	37.66147539
8.65930E-02	29.00560108
8.65977E-02	26.96658519
8.66051E-02	24.14979975
8.66089E-02	22.92770842
8.66163E-02	20.86110779
8.66200E-02	19.99290295
8.66275E-02	18.51862473
8.66349E-02	17.32800828
8.66423E-02	16.36341374
8.66498E-02	15.57720952
8.66572E-02	14.93053072
8.66721E-02	13.94459472
8.66944E-02	12.96365365
8.67167E-02	12.3341915
8.67465E-02	11.79239397
8.67911E-02	11.31085329
8.68357E-02	11.02977093
8.69250E-02	10.72584327
8.71332E-02	10.45310038
8.74307E-02	10.31749057
8.80257E-02	10.20999012
9.04057E-02	10.04330113
9.32617E-02	9.931367798
9.61176E-02	9.847180978
1.00878E-01	9.73143273
1.06590E-01	9.605773025
1.10397E-01	9.519045715
1.12301E-01	9.472762421
1.13253E-01	9.450726113
1.14443E-01	9.436499603
1.15276E-01	9.475270266
1.15871E-01	9.635575292
1.16228E-01	9.965028219
1.16347E-01	10.18998463
1.16526E-01	10.78749116
1.16615E-01	11.30734536
1.16704E-01	12.11336445
1.16764E-01	12.91229932
1.16794E-01	13.42828563
1.16853E-01	14.80336651
1.16883E-01	15.72678551
1.16913E-01	16.86232909
1.16942E-01	18.28020583
1.16972E-01	20.05230395
1.17002E-01	22.2946568
1.17032E-01	25.1175987
1.17061E-01	28.66419369
1.17081E-01	31.4728471
1.17101E-01	34.68304602
1.17180E-01	49.18136852
1.17200E-01	51.94877087
1.17220E-01	53.65564186
1.17240E-01	54.03924395
1.17260E-01	53.0856074
1.17279E-01	50.9936994
1.17299E-01	48.08690851
1.17359E-01	38.05031535
1.17379E-01	34.96872262
1.17404E-01	31.55065967
1.17429E-01	28.61104375
1.17453E-01	26.13944044
1.17478E-01	24.05603301
1.17503E-01	22.31476599
1.17528E-01	20.84416067
1.17578E-01	18.54790675
1.17603E-01	17.65114895
1.17653E-01	16.2096971
1.17728E-01	14.67899719
1.17828E-01	13.35326185
1.17928E-01	12.49126867
1.18078E-01	11.67206203
1.18228E-01	11.16244318
1.18378E-01	10.82168296
1.18577E-01	10.5163499
1.18877E-01	10.23086034
1.19476E-01	9.933971681
1.20375E-01	9.732770919
1.21574E-01	9.605109388
1.23372E-01	9.504519524
1.25770E-01	9.423375939
1.26968E-01	9.391780725
1.27768E-01	9.372528986
1.28567E-01	9.354377838
1.28966E-01	9.345746482
1.29366E-01	9.337785538
1.29566E-01	9.334654164
1.29666E-01	9.333781739
1.29766E-01	9.334125895
1.29865E-01	9.337585326
1.29915E-01	9.342332251
1.29965E-01	9.352341652
1.30015E-01	9.375108489
1.30040E-01	9.398723441
1.30065E-01	9.441853585
1.30090E-01	9.534384267
1.30103E-01	9.624755876
1.30115E-01	9.787816276
1.30121E-01	9.923423631
1.30128E-01	10.13034763
1.30134E-01	10.45615765
1.30137E-01	10.69991244
1.30140E-01	11.04760878
1.30143E-01	11.53250416
1.30146E-01	12.26378141
1.30148E-01	12.75796531
1.30149E-01	13.43408957
1.30151E-01	14.31823032
1.30153E-01	15.48139255
1.30154E-01	16.90053553
1.30156E-01	18.85020495
1.30157E-01	21.15491785
1.30159E-01	24.16039077
1.30161E-01	29.3863322
1.30165E-01	39.34641229
1.30166E-01	41.86834386
1.30168E-01	44.60355073
1.30170E-01	45.68279308
1.30171E-01	45.29714749
1.30172E-01	44.79990873
1.30173E-01	43.24803682
1.30174E-01	41.06195319
1.30175E-01	39.55820451
1.30179E-01	29.16843121
1.30181E-01	25.915787
1.30182E-01	23.03266572
1.30183E-01	20.57429431
1.30185E-01	18.54149324
1.30186E-01	16.89876211
1.30188E-01	15.59155738
1.30189E-01	14.55981403
1.30190E-01	13.74675682
1.30192E-01	13.10345767
1.30195E-01	12.17642088
1.30197E-01	11.55945231
1.30200E-01	11.12891769
1.30203E-01	10.81584296
1.30209E-01	10.39745978
1.30220E-01	9.956246539
1.30242E-01	9.624793312
1.30254E-01	9.549223045
1.30287E-01	9.439218008
1.30310E-01	9.404258754
1.30355E-01	9.368293363
1.30400E-01	9.35062954
1.30445E-01	9.340228334
1.30535E-01	9.328620975
1.30625E-01	9.322019113
1.30714E-01	9.317511623
1.30894E-01	9.311079041
1.31254E-01	9.301715993
1.31614E-01	9.293786576
1.32333E-01	9.279210544
1.33772E-01	9.251803256
1.38808E-01	9.161907643
1.45283E-01	9.048088153
1.46722E-01	9.020959107
1.48881E-01	8.975485376
1.49240E-01	8.966853681
1.49960E-01	8.947957377
1.50679E-01	8.925797346
1.51399E-01	8.898341636
1.51758E-01	8.882087332
1.52118E-01	8.865796544
1.52388E-01	8.860105283
1.52613E-01	8.879834131
1.52748E-01	8.933030179
1.52860E-01	9.055488117
1.52905E-01	9.152887127
1.52973E-01	9.417347269
1.53018E-01	9.749613618
1.53051E-01	10.16817
1.53074E-01	10.591418
1.53085E-01	10.86957569
1.53107E-01	11.61682647
1.53119E-01	12.12284687
1.53130E-01	12.76086632
1.53141E-01	13.55961854
1.53152E-01	14.58033346
1.53164E-01	15.88690503
1.53175E-01	17.61482341
1.53181E-01	18.66109848
1.53192E-01	21.22488005
1.53197E-01	22.81076211
1.53204E-01	24.88263792
1.53211E-01	27.29554165
1.53237E-01	38.18917694
1.53243E-01	40.4130877
1.53250E-01	41.92393683
1.53257E-01	42.51665393
1.53263E-01	42.14786048
1.53270E-01	40.89046269
1.53276E-01	38.94764055
1.53303E-01	29.28740386
1.53313E-01	26.13062392
1.53323E-01	23.46450277
1.53332E-01	21.31489895
1.53342E-01	19.54016398
1.53352E-01	18.11026293
1.53362E-01	16.93027832
1.53372E-01	15.96918628
1.53382E-01	15.16409337
1.53402E-01	13.92981267
1.53432E-01	12.68586411
1.53462E-01	11.87072001
1.53482E-01	11.47796331
1.53541E-01	10.70027906
1.53601E-01	10.25323139
1.53661E-01	9.970370887
1.53820E-01	9.571566751
1.53940E-01	9.419157301
1.54099E-01	9.296653464
1.54258E-01	9.219778895
1.54497E-01	9.146860126
1.54895E-01	9.077075708
1.55373E-01	9.029088272
1.56488E-01	8.968327181
1.57444E-01	8.936147682
1.59036E-01	8.895710163
1.59673E-01	8.881535885
1.61585E-01	8.840115025
1.62222E-01	8.824304731
1.62540E-01	8.814571879
1.62859E-01	8.80125363
1.63018E-01	8.791227374
1.63098E-01	8.784324148
1.63177E-01	8.775039034
1.63257E-01	8.761626259
1.63297E-01	8.75224013
1.63337E-01	8.739874461
1.63376E-01	8.72367025
1.63396E-01	8.71428675
1.63416E-01	8.70582046
1.63436E-01	8.70494872
1.63446E-01	8.716123659
1.63456E-01	8.753303365
1.63466E-01	8.862542905
1.63471E-01	8.999493519
1.63476E-01	9.300513894
1.63478E-01	9.590656387
1.63481E-01	10.06477632
1.63483E-01	10.83922142
1.63486E-01	12.06239666
1.63487E-01	12.85108698
1.63488E-01	13.86854412
1.63490E-01	14.9576342
1.63492E-01	17.61509432
1.63495E-01	20.50400744
1.63496E-01	21.91768748
1.63498E-01	23.78198251
1.63500E-01	24.83217381
1.63501E-01	24.93625899
1.63502E-01	24.96660936
1.63502E-01	24.87174885
1.63504E-01	23.92226199
1.63505E-01	23.18255345
1.63512E-01	16.63157036
1.63513E-01	15.65384638
1.63515E-01	14.00166701
1.63517E-01	12.75688764
1.63520E-01	11.86128775
1.63522E-01	11.23040194
1.63524E-01	10.80236856
1.63526E-01	10.47747782
1.63530E-01	10.0538693
1.63535E-01	9.794345855
1.63539E-01	9.620739496
1.63548E-01	9.405583934
1.63557E-01	9.274272847
1.63574E-01	9.128932547
1.63592E-01	9.051621857
1.63609E-01	9.00309006
1.63645E-01	8.946741188
1.63680E-01	8.914560416
1.63715E-01	8.894214232
1.63785E-01	8.869469529
1.63855E-01	8.854645106
1.63925E-01	8.844634032
1.64066E-01	8.831420991
1.64346E-01	8.815811812
1.64627E-01	8.805360812
1.64908E-01	8.79681452
1.65188E-01	8.789112869
1.65750E-01	8.774502551
1.66311E-01	8.75937278
1.66592E-01	8.751055873
1.66873E-01	8.741800574
1.67154E-01	8.731088142
1.67294E-01	8.72495124
1.67434E-01	8.718154102
1.67575E-01	8.710795867
1.67645E-01	8.70717215
1.67715E-01	8.704227284
1.67785E-01	8.7037557
1.67820E-01	8.706309551
1.67855E-01	8.714101648
1.67890E-01	8.734730293
1.67908E-01	8.757533071
1.67926E-01	8.802936435
1.67943E-01	8.89862403
1.67952E-01	8.994959737
1.67961E-01	9.173404833
1.67969E-01	9.561526471
1.67974E-01	9.973193322
1.67976E-01	10.30192159
1.67978E-01	10.77312706
1.67980E-01	11.46211597
1.67983E-01	12.47210655
1.67985E-01	13.92428357
1.67987E-01	15.92527923
1.67989E-01	18.50823857
1.67992E-01	23.17500551
1.67996E-01	27.67050057
1.67997E-01	28.73004956
1.67999E-01	30.20330196
1.68000E-01	30.41611277
1.68001E-01	30.28619756
1.68002E-01	30.10723007
1.68003E-01	28.9709694
1.68004E-01	27.85896675
1.68007E-01	24.02600294
1.68010E-01	19.72758873
1.68012E-01	17.19525393
1.68014E-01	15.11444808
1.68016E-01	13.50824887
1.68018E-01	12.32326713
1.68020E-01	11.47302237
1.68022E-01	10.86928732
1.68024E-01	10.43828197
1.68028E-01	9.892071312
1.68032E-01	9.574496952
1.68036E-01	9.372051005
1.68044E-01	9.133305108
1.68052E-01	8.999247833
1.68068E-01	8.861744551
1.68084E-01	8.794945603
1.68100E-01	8.755508972
1.68132E-01	8.712019321
1.68164E-01	8.687513987
1.68196E-01	8.671271617
1.68260E-01	8.649705275
1.68324E-01	8.641016945
1.68388E-01	8.677283209
1.68404E-01	8.708946998
1.68436E-01	8.863637679
1.68460E-01	9.203804199
1.68468E-01	9.43103577
1.68480E-01	10.01318199
1.68488E-01	10.72136106
1.68492E-01	11.25039223
1.68496E-01	11.96062259
1.68500E-01	12.93141957
1.68502E-01	13.54916337
1.68506E-01	15.14074412
1.68508E-01	16.15708333
1.68510E-01	17.34901028
1.68512E-01	18.73393631
1.68516E-01	22.1039026
1.68519E-01	25.6023822
1.68523E-01	29.3659058
1.68526E-01	32.66226403
1.68528E-01	33.90143072
1.68530E-01	34.75829297
1.68532E-01	35.16757445
1.68534E-01	35.15587655
1.68535E-01	34.69813889
1.68537E-01	33.83851203
1.68541E-01	31.20855848
1.68546E-01	26.46653613
1.68551E-01	22.38306588
1.68552E-01	21.20828064
1.68554E-01	20.13864036
1.68557E-01	18.30418189
1.68560E-01	16.83178137
1.68564E-01	15.65563228
1.68567E-01	14.71312385
1.68570E-01	13.93091388
1.68573E-01	13.31476911
1.68576E-01	12.80756278
1.68583E-01	12.02148856
1.68589E-01	11.46542619
1.68602E-01	10.72440613
1.68615E-01	10.2741227
1.68647E-01	9.681992248
1.68686E-01	9.363620234
1.68750E-01	9.12925569
1.68854E-01	8.978914574
1.68957E-01	8.913472961
1.69060E-01	8.884086696
1.69163E-01	8.890641601
1.69240E-01	8.971547027
1.69266E-01	9.0522459
1.69292E-01	9.223226892
1.69305E-01	9.385134371
1.69317E-01	9.663192994
1.69330E-01	10.19762913
1.69337E-01	10.65756325
1.69343E-01	11.39348365
1.69346E-01	11.9207621
1.69350E-01	12.61505172
1.69353E-01	13.54408092
1.69356E-01	14.84782143
1.69359E-01	16.56836064
1.69363E-01	18.85513015
1.69364E-01	20.23122244
1.69367E-01	23.40919662
1.69372E-01	28.23170878
1.69374E-01	30.25684358
1.69376E-01	32.00495646
1.69379E-01	33.40855227
1.69380E-01	33.62353892
1.69383E-01	33.0684786
1.69384E-01	32.311791
1.69386E-01	30.7774588
1.69388E-01	28.7557698
1.69394E-01	22.59243605
1.69396E-01	21.14140587
1.69399E-01	18.53688535
1.69402E-01	16.54696503
1.69403E-01	15.68126681
1.69406E-01	14.36497354
1.69409E-01	13.33889995
1.69412E-01	12.56227627
1.69416E-01	11.9662605
1.69419E-01	11.51496525
1.69422E-01	11.14420128
1.69428E-01	10.60167212
1.69434E-01	10.23439161
1.69446E-01	9.77243399
1.69452E-01	9.625745905
1.69477E-01	9.279275456
1.69514E-01	9.064652386
1.69538E-01	8.994080465
1.69588E-01	8.9159331
1.69686E-01	8.850143754
1.69784E-01	8.820947408
1.69981E-01	8.792208062
1.70374E-01	8.765253767
1.70964E-01	8.743024449
1.71750E-01	8.722737831
1.72536E-01	8.706339559
1.74109E-01	8.678107984
1.76468E-01	8.640261537
1.80399E-01	8.581519466
1.85117E-01	8.513967304
2.07134E-01	8.214005374
2.38587E-01	7.804191998
2.60604E-01	7.515221364
2.63749E-01	7.470571078
2.65322E-01	7.447254472
2.66895E-01	7.423452751
2.67681E-01	7.412357337
2.68467E-01	7.406037625
2.68664E-01	7.407093944
2.69057E-01	7.420247975
2.69352E-01	7.460344864
2.69549E-01	7.541244998
2.69647E-01	7.632140596
2.69770E-01	7.884765779
2.69843E-01	8.241688575
2.69868E-01	8.439003207
2.69905E-01	8.870721538
2.69929E-01	9.312627725
2.69942E-01	9.604014199
2.69966E-01	10.39467965
2.69979E-01	10.93965252
2.69997E-01	12.02184259
2.70003E-01	12.48387433
2.70015E-01	13.59054781
2.70028E-01	15.00275262
2.70034E-01	15.83665997
2.70048E-01	18.06191158
2.70078E-01	23.94965378
2.70085E-01	25.17784005
2.70093E-01	26.04026911
2.70100E-01	26.42170004
2.70108E-01	26.27053276
2.70115E-01	25.61238151
2.70123E-01	24.54227528
2.70153E-01	18.91108174
2.70160E-01	17.62733374
2.70175E-01	15.47130486
2.70182E-01	14.5818911
2.70197E-01	13.13891417
2.70212E-01	12.05312175
2.70235E-01	10.90205475
2.70250E-01	10.34712474
2.70280E-01	9.557339542
2.70295E-01	9.276377588
2.70325E-01	8.853713238
2.70355E-01	8.558887691
2.70430E-01	8.122720005
2.70520E-01	7.858903481
2.70640E-01	7.682825895
2.70759E-01	7.588408427
2.70999E-01	7.493586515
2.71359E-01	7.431245451
2.71599E-01	7.40826101
2.72078E-01	7.378383327
2.73037E-01	7.340040351
2.74476E-01	7.290316088
2.75435E-01	7.250519754
2.75914E-01	7.226287475
2.76394E-01	7.199272704
2.76873E-01	7.178558004
2.77113E-01	7.187749105
2.77233E-01	7.209836468
2.77413E-01	7.303733172
2.77533E-01	7.466009544
2.77623E-01	7.720478749
2.77683E-01	8.020877371
2.77713E-01	8.237162513
2.77772E-01	8.878632571
2.77817E-01	9.646197729
2.77832E-01	9.98211897
2.77872E-01	11.09861364
2.77892E-01	11.80750257
2.77951E-01	14.33947945
2.77970E-01	15.17029581
2.77990E-01	15.87344108
2.78010E-01	16.3551707
2.78029E-01	16.55808005
2.78049E-01	16.47322317
2.78069E-01	16.13206894
2.78108E-01	15.00895831
2.78170E-01	13.04604206
2.78193E-01	12.43033154
2.78237E-01	11.41792816
2.78305E-01	10.35085796
2.78350E-01	9.854919917
2.78417E-01	9.318738249
2.78507E-01	8.848150518
2.78642E-01	8.420763195
2.78867E-01	8.047332738
2.79136E-01	7.823505764
2.79406E-01	7.698008413
2.80125E-01	7.534530601
2.80664E-01	7.473196993
2.81383E-01	7.421461459
2.83180E-01	7.347952635
2.88213E-01	7.241783726
2.89651E-01	7.218612601
3.06907E-01	6.979740934
3.19849E-01	6.786465439
3.22365E-01	6.704013744
3.22904E-01	6.667575052
3.23084E-01	6.651660954
3.23444E-01	6.614234098
3.23623E-01	6.599099931
3.23803E-01	6.617258976
3.23938E-01	6.750559178
3.24005E-01	6.977748367
3.24028E-01	7.117296969
3.24050E-01	7.314590567
3.24073E-01	7.594812103
3.24095E-01	8.007236162
3.24106E-01	8.288961147
3.24118E-01	8.642055735
3.24129E-01	9.079824294
3.24140E-01	9.635675959
3.24151E-01	10.33122214
3.24163E-01	11.21604084
3.24171E-01	12.0201255
3.24179E-01	12.97061404
3.24188E-01	14.08109392
3.24196E-01	15.36885434
3.24222E-01	19.65202194
3.24230E-01	20.91668524
3.24238E-01	21.86178899
3.24247E-01	22.3837594
3.24255E-01	22.42801372
3.24264E-01	22.0102792
3.24272E-01	21.22856339
3.24317E-01	15.51052537
3.24337E-01	13.6072039
3.24344E-01	13.09154162
3.24364E-01	11.84378757
3.24377E-01	11.20147078
3.24391E-01	10.67521543
3.24404E-01	10.23780029
3.24431E-01	9.572448325
3.24471E-01	8.903045882
3.24537E-01	8.256051722
3.24591E-01	7.94767959
3.24671E-01	7.657260294
3.24831E-01	7.352182182
3.24991E-01	7.197686533
3.25471E-01	7.001750322
3.26858E-01	6.85635638
3.32831E-01	6.744446771
3.37098E-01	6.740159555
3.42218E-01	6.874286264
3.43925E-01	7.008830024
3.45205E-01	7.178081969
3.46485E-01	7.450365435
3.47765E-01	7.90545916
3.48618E-01	8.384894621
3.49045E-01	8.706128197
3.49471E-01	9.101241067
3.49898E-01	9.59020696
3.50325E-01	10.19831608
3.50752E-01	10.95656941
3.51178E-01	11.90048997
3.51605E-01	13.06472396
3.52201E-01	15.09268434
3.53392E-01	19.7911199
3.53615E-01	20.47156893
3.53690E-01	20.66783435
3.53801E-01	20.95195076
3.53839E-01	21.06248836
3.53876E-01	21.20948844
3.53894E-01	21.3187993
3.53922E-01	21.60829976
3.53932E-01	21.78280342
3.53950E-01	22.46124429
3.53960E-01	23.19670159
3.53969E-01	24.6435651
3.53973E-01	25.84324825
3.53978E-01	27.53654764
3.53994E-01	35.09594117
3.53997E-01	35.9966386
3.54000E-01	36.33392777
3.54003E-01	36.03402572
3.54005E-01	35.67807104
3.54009E-01	33.85826237
3.54021E-01	28.15312816
3.54023E-01	27.00100605
3.54029E-01	25.28125033
3.54034E-01	24.11108946
3.54040E-01	23.35988426
3.54045E-01	22.85112786
3.54056E-01	22.25751414
3.54067E-01	21.944514
3.54100E-01	21.55792495
3.54119E-01	21.46514579
3.54178E-01	21.35547053
3.54256E-01	21.29716712
3.54334E-01	21.24364022
3.54568E-01	20.96499499
3.54880E-01	20.28677338
3.55659E-01	17.71641618
3.56283E-01	15.57202466
3.56595E-01	14.61818686
3.56989E-01	13.55637249
3.57383E-01	12.6497575
3.57776E-01	11.88290617
3.58564E-01	10.6899151
3.58957E-01	10.22709949
3.59745E-01	9.495578268
3.60532E-01	8.953067508
3.61713E-01	8.371307257
3.62894E-01	7.966884101
3.65257E-01	7.451239473
3.66831E-01	7.22890986
3.69194E-01	6.992313311
3.75493E-01	6.624296646
3.83367E-01	6.359038861
3.94390E-01	6.080767506
3.97540E-01	6.002034239
4.02264E-01	5.865147722
4.03839E-01	5.803159272
4.05020E-01	5.73880207
4.05414E-01	5.710633622
4.05808E-01	5.678167129
4.06201E-01	5.64771451
4.06398E-01	5.647415665
4.06595E-01	5.700553639
4.06743E-01	5.882207751
4.06792E-01	6.020809897
4.06841E-01	6.247507022
4.06890E-01	6.636743503
4.06915E-01	6.933225263
4.06952E-01	7.57963318
4.06964E-01	7.875815786
4.06989E-01	8.642676546
4.07003E-01	9.196362179
4.07017E-01	9.86584848
4.07031E-01	10.66476424
4.07044E-01	11.60599882
4.07058E-01	12.69447682
4.07086E-01	15.14545499
4.07100E-01	16.34560425
4.07114E-01	17.36371396
4.07128E-01	18.07090997
4.07142E-01	18.36133514
4.07156E-01	18.21530024
4.07169E-01	17.6935257
4.07183E-01	16.90636319
4.07232E-01	13.62290022
4.07264E-01	11.88088807
4.07296E-01	10.59468499
4.07318E-01	9.941486055
4.07339E-01	9.4078004
4.07360E-01	8.971989449
4.07403E-01	8.314568762
4.07467E-01	7.670589614
4.07552E-01	7.158254864
4.07637E-01	6.844185557
4.07765E-01	6.557974325
4.07978E-01	6.3019655
4.08234E-01	6.141447555
4.08404E-01	6.074129667
4.08916E-01	5.952185589
4.09597E-01	5.864381024
4.10620E-01	5.782625771
4.11984E-01	5.700420967
4.13347E-01	5.622406077
4.14711E-01	5.536838275
4.15734E-01	5.467343277
4.16415E-01	5.432690992
4.17097E-01	5.479500897
4.17353E-01	5.57971713
4.17609E-01	5.820919676
4.17779E-01	6.154711107
4.17907E-01	6.587885544
4.17949E-01	6.787744024
4.18035E-01	7.306772494
4.18077E-01	7.642694942
4.18120E-01	8.044820265
4.18167E-01	8.583669586
4.18215E-01	9.236556176
4.18262E-01	10.0221129
4.18310E-01	10.95400715
4.18357E-01	12.03675189
4.18500E-01	15.75035706
4.18548E-01	16.81145388
4.18595E-01	17.55596667
4.18643E-01	17.8878541
4.18690E-01	17.79215865
4.18738E-01	17.3341114
4.18785E-01	16.62370145
4.18918E-01	14.20735079
4.19032E-01	12.38361773
4.19145E-01	10.99711678
4.19221E-01	10.28304194
4.19335E-01	9.454909265
4.19411E-01	9.024866186
4.19563E-01	8.367442949
4.19790E-01	7.713649666
4.19942E-01	7.412899955
4.20169E-01	7.083887982
4.20548E-01	6.726927699
4.21003E-01	6.463745662
4.21762E-01	6.208132625
4.23430E-01	5.936075024
4.25554E-01	5.764650517
4.31014E-01	5.517628248
4.34654E-01	5.389605977
4.35867E-01	5.348376536
4.36474E-01	5.327873264
4.37080E-01	5.30751707
4.37384E-01	5.297534907
4.37535E-01	5.292698307
4.37687E-01	5.288127418
4.37839E-01	5.284212997
4.37915E-01	5.282872657
4.37990E-01	5.282584723
4.38066E-01	5.284798657
4.38104E-01	5.288271841
4.38142E-01	5.295878547
4.38180E-01	5.312767714
4.38199E-01	5.330020622
4.38218E-01	5.363211436
4.38237E-01	5.43624811
4.38246E-01	5.509130351
4.38256E-01	5.64602378
4.38265E-01	5.97368868
4.38270E-01	6.31422045
4.38275E-01	6.900832408
4.38280E-01	7.808906957
4.38284E-01	9.107494987
4.38289E-01	10.59562788
4.38291E-01	11.32807346
4.38294E-01	11.96132166
4.38297E-01	12.53377441
4.38300E-01	12.73889911
4.38303E-01	12.53890841
4.38306E-01	11.97051651
4.38311E-01	10.57574232
4.38314E-01	9.774375903
4.38316E-01	8.99700358
4.38321E-01	7.677830516
4.38326E-01	6.768672143
4.38331E-01	6.215970305
4.38336E-01	5.898908245
4.38346E-01	5.604300733
4.38356E-01	5.481916534
4.38366E-01	5.415070381
4.38386E-01	5.347239324
4.38406E-01	5.316171768
4.38426E-01	5.299301397
4.38466E-01	5.281632063
4.38506E-01	5.272378014
4.38546E-01	5.266784788
4.38626E-01	5.25983534
4.38706E-01	5.255108639
4.38785E-01	5.251299647
4.38945E-01	5.244755927
4.39105E-01	5.238776169
4.39265E-01	5.233013644
4.39584E-01	5.221735844
4.40223E-01	5.19940653
4.40862E-01	5.177027432
4.42140E-01	5.13177217
4.43419E-01	5.085637595
4.48531E-01	4.889152887
4.53643E-01	4.666695687
4.61312E-01	4.262235197
4.68980E-01	3.733978661
4.74092E-01	3.284544338
4.76649E-01	3.02263808
4.80242E-01	2.606395072
4.82317E-01	2.343178937
4.83873E-01	2.148207216
4.84910E-01	2.040680036
4.85688E-01	1.999825719
4.86207E-01	2.016274508
4.86466E-01	2.047750099
4.86726E-01	2.102398908
4.86985E-01	2.188877036
4.87244E-01	2.319010865
4.87504E-01	2.508827652
4.87691E-01	2.694376632
4.87878E-01	2.931514812
4.88065E-01	3.22960616
4.88252E-01	3.597450877
4.88439E-01	4.039091436
4.88813E-01	5.102714794
4.89000E-01	5.661201961
4.89187E-01	6.16487753
4.89374E-01	6.550679305
4.89561E-01	6.771930418
4.89748E-01	6.815283548
4.89935E-01	6.700782376
4.90122E-01	6.468936647
4.90968E-01	4.999423208
4.91204E-01	4.632999084
4.91677E-01	4.021027491
4.91913E-01	3.769510536
4.92385E-01	3.353259717
4.92857E-01	3.025654959
4.93565E-01	2.647839636
4.93801E-01	2.543917994
4.94273E-01	2.360419696
4.94745E-01	2.202798758
4.95217E-01	2.065248606
4.96161E-01	1.834980802
4.97105E-01	1.648204553
4.98050E-01	1.492937242
4.98994E-01	1.362167022
4.99938E-01	1.251411769
5.00882E-01	1.157331752
5.01826E-01	1.076531692
5.03242E-01	0.967760937
5.04187E-01	0.879906311
5.04423E-01	0.849237647
5.04659E-01	0.811269278
5.04895E-01	0.763168977
5.05131E-01	0.706442206
5.05249E-01	0.685405112
5.05308E-01	0.685864575
5.05367E-01	0.706004245
5.05426E-01	0.766463762
5.05455E-01	0.82618934
5.05485E-01	0.922601929
5.05514E-01	1.075781183
5.05544E-01	1.31630411
5.05559E-01	1.486187472
5.05573E-01	1.709022401
5.05588E-01	1.996786168
5.05603E-01	2.368108226
5.05615E-01	2.751746379
5.05627E-01	3.225596389
5.05639E-01	3.806629185
5.05651E-01	4.516652535
5.05664E-01	5.353604128
5.05676E-01	6.326116833
5.05700E-01	8.460047286
5.05712E-01	9.448157954
5.05724E-01	10.23993047
5.05736E-01	10.73403567
5.05749E-01	10.88177492
5.05761E-01	10.69744697
5.05773E-01	10.24648761
5.05822E-01	7.538691096
5.05835E-01	6.903199494
5.05848E-01	6.335499649
5.05860E-01	5.838961573
5.05873E-01	5.400776141
5.05886E-01	5.018981126
5.05899E-01	4.688269592
5.05924E-01	4.144403956
5.05949E-01	3.716356337
5.05975E-01	3.379109075
5.06000E-01	3.110593383
5.06037E-01	2.808260355
5.06073E-01	2.575324775
5.06110E-01	2.393224527
5.06147E-01	2.247758895
5.06183E-01	2.129381181
5.06220E-01	2.032249769
5.06294E-01	1.88103472
5.06367E-01	1.769349407
5.06440E-01	1.684329625
5.06514E-01	1.617869032
5.06660E-01	1.521537286
5.06734E-01	1.485930071
5.06881E-01	1.430858138
5.07027E-01	1.390800124
5.07468E-01	1.321683799
5.07761E-01	1.299234484
5.08348E-01	1.282933443
5.08935E-01	1.289027128
5.09522E-01	1.309143548
5.10697E-01	1.378184249
5.11871E-01	1.476448708
5.13045E-01	1.599625573
5.14219E-01	1.746899287
5.15980E-01	2.018167177
5.16567E-01	2.124980566
5.17742E-01	2.371807985
5.18916E-01	2.680671502
5.19503E-01	2.869065126
5.20090E-01	3.089205688
5.20677E-01	3.351364804
5.21264E-01	3.670128614
5.21851E-01	4.066695622
5.22145E-01	4.303306583
5.22732E-01	4.878624837
5.23025E-01	5.230839426
5.23319E-01	5.637235776
5.23612E-01	6.108625765
5.23906E-01	6.656988343
5.24200E-01	7.29663863
5.24493E-01	8.042107963
5.24787E-01	8.908420876
5.25076E-01	9.890192569
5.25365E-01	11.00369045
5.26522E-01	16.07915709
5.26811E-01	17.06179223
5.27100E-01	17.68062581
5.27389E-01	17.85374366
5.27678E-01	17.57616
5.27968E-01	16.91873646
5.28257E-01	15.99846826
5.29124E-01	12.79111544
5.29413E-01	11.81306301
5.29836E-01	10.55986834
5.30259E-01	9.51859286
5.30682E-01	8.667421632
5.31104E-01	7.975402775
5.31527E-01	7.41291222
5.31950E-01	6.954025844
5.32372E-01	6.577784625
5.32795E-01	6.267517858
5.33277E-01	5.977895949
5.34241E-01	5.548976518
5.35686E-01	5.147963081
5.37132E-01	4.9145914
5.38578E-01	4.775877669
5.40505E-01	4.67426402
5.44360E-01	4.607808737
5.48215E-01	4.611694338
5.56888E-01	4.642358479
5.57852E-01	4.637265241
5.60743E-01	4.576182068
5.61707E-01	4.515952759
5.62430E-01	4.433812262
5.62912E-01	4.353417274
5.63153E-01	4.319291017
5.63333E-01	4.329295661
5.63393E-01	4.352642805
5.63514E-01	4.469439936
5.63574E-01	4.589522922
5.63634E-01	4.784726742
5.63668E-01	4.939247693
5.63701E-01	5.137240155
5.63734E-01	5.388579515
5.63767E-01	5.70264205
5.63800E-01	6.089918881
5.63867E-01	7.047651964
5.63900E-01	7.573133151
5.63933E-01	8.077684911
5.63966E-01	8.50127909
5.64000E-01	8.79714152
5.64033E-01	8.943198681
5.64066E-01	8.946648476
5.64099E-01	8.833238782
5.64166E-01	8.41561165
5.64326E-01	7.310119509
5.64380E-01	7.024647052
5.64487E-01	6.581125344
5.64647E-01	6.140952973
5.64754E-01	5.942149452
5.65022E-01	5.623944928
5.65343E-01	5.412412855
5.65664E-01	5.286637695
5.65878E-01	5.228455941
5.66520E-01	5.118440168
5.66735E-01	5.095258194
5.66949E-01	5.077295017
5.67056E-01	5.070633913
5.67163E-01	5.066436216
5.67270E-01	5.066799302
5.67323E-01	5.070692405
5.67377E-01	5.080472481
5.67430E-01	5.102899867
5.67457E-01	5.12546862
5.67484E-01	5.167415566
5.67511E-01	5.255833717
5.67524E-01	5.339437856
5.67537E-01	5.478906426
5.67551E-01	5.773659953
5.67557E-01	6.069832495
5.67564E-01	6.587629449
5.67571E-01	7.497249997
5.67578E-01	8.976272266
5.67584E-01	10.99983456
5.67588E-01	12.06777385
5.67593E-01	13.62706544
5.67595E-01	14.06632705
5.67600E-01	14.42566083
5.67605E-01	14.04090462
5.67607E-01	13.58761084
5.67612E-01	12.05462068
5.67622E-01	9.082916415
5.67628E-01	7.591883673
5.67634E-01	6.627119783
5.67640E-01	6.058222843
5.67646E-01	5.730236043
5.67659E-01	5.410269652
5.67671E-01	5.268020678
5.67684E-01	5.186193121
5.67709E-01	5.102733256
5.67733E-01	5.064996158
5.67758E-01	5.044874027
5.67808E-01	5.024325352
5.67858E-01	5.013829133
5.67908E-01	5.007533872
5.68007E-01	4.999600466
5.68107E-01	4.994031263
5.68206E-01	4.989440928
5.68405E-01	4.981563413
5.68804E-01	4.96823844
5.69202E-01	4.956682011
5.69600E-01	4.945837711
5.69998E-01	4.933961323
5.70197E-01	4.926124269
5.70396E-01	4.914142199
5.70496E-01	4.904165731
5.70546E-01	4.896857803
5.70595E-01	4.886564072
5.70645E-01	4.871284884
5.70670E-01	4.860324867
5.70695E-01	4.845489277
5.70720E-01	4.825729895
5.70732E-01	4.814382654
5.70745E-01	4.805530692
5.70757E-01	4.822610164
5.70763E-01	4.876811904
5.70770E-01	5.029048489
5.70776E-01	5.370357532
5.70782E-01	5.993221665
5.70785E-01	6.410087876
5.70791E-01	7.337180135
5.70795E-01	7.772477254
5.70800E-01	8.259210316
5.70801E-01	8.308222672
5.70806E-01	8.277066859
5.70809E-01	8.084822287
5.70815E-01	7.424667457
5.70818E-01	7.045639677
5.70824E-01	6.36598502
5.70830E-01	5.881510685
5.70837E-01	5.594095169
5.70843E-01	5.42558882
5.70855E-01	5.258962663
5.70868E-01	5.178293258
5.70880E-01	5.130451976
5.70905E-01	5.075453038
5.70930E-01	5.043923792
5.70955E-01	5.024093623
5.71005E-01	5.000006252
5.71055E-01	4.985553561
5.71105E-01	4.976100045
5.71205E-01	4.964183123
5.71404E-01	4.951465907
5.71604E-01	4.944329461
5.72003E-01	4.935789782
5.72403E-01	4.930279309
5.74000E-01	4.91773205
5.77194E-01	4.906341291
5.78791E-01	4.903134943
5.80388E-01	4.900892515
5.81186E-01	4.900309145
5.81985E-01	4.900772805
5.82384E-01	4.902218966
5.82584E-01	4.903806341
5.82783E-01	4.906750988
5.82983E-01	4.912823731
5.83083E-01	4.918644743
5.83183E-01	4.928967155
5.83283E-01	4.949474422
5.83332E-01	4.96883977
5.83382E-01	5.003042539
5.83432E-01	5.068896841
5.83457E-01	5.129335429
5.83482E-01	5.234217347
5.83507E-01	5.426430605
5.83520E-01	5.59530272
5.83532E-01	5.866995414
5.83545E-01	6.335920958
5.83551E-01	6.703656084
5.83557E-01	7.229588941
5.83563E-01	7.959405491
5.83570E-01	8.979896649
5.83576E-01	10.27994662
5.83587E-01	12.91233039
5.83591E-01	13.85784261
5.83596E-01	14.50533894
5.83600E-01	14.7400739
5.83605E-01	14.51623006
5.83609E-01	13.87308934
5.83614E-01	12.9217911
5.83625E-01	10.12648072
5.83632E-01	8.709463445
5.83638E-01	7.655479926
5.83645E-01	6.921329567
5.83652E-01	6.420938792
5.83659E-01	6.077119179
5.83672E-01	5.657956563
5.83686E-01	5.423308243
5.83700E-01	5.281972915
5.83727E-01	5.12551375
5.83754E-01	5.044001275
5.83781E-01	4.998616752
5.83836E-01	4.951487762
5.83890E-01	4.928482494
5.83945E-01	4.91616485
5.84054E-01	4.904067568
5.84163E-01	4.898542035
5.84272E-01	4.89567012
5.84490E-01	4.892918861
5.84707E-01	4.891644321
5.84925E-01	4.890905454
5.85361E-01	4.889969254
5.86233E-01	4.888582854
5.87104E-01	4.887236776
5.88847E-01	4.884367817
5.92333E-01	4.878318205
5.94076E-01	4.876055158
5.94948E-01	4.876050033
5.95819E-01	4.879023668
5.96255E-01	4.884221706
5.96473E-01	4.88952437
5.96691E-01	4.899093937
5.96908E-01	4.918505779
5.97017E-01	4.936885856
5.97126E-01	4.968490051
5.97235E-01	5.030877789
5.97290E-01	5.088567728
5.97371E-01	5.255424516
5.97399E-01	5.359043947
5.97426E-01	5.511904849
5.97453E-01	5.745927181
5.97467E-01	5.913169749
5.97480E-01	6.136794147
5.97494E-01	6.440515427
5.97508E-01	6.86697413
5.97521E-01	7.471780465
5.97535E-01	8.354061543
5.97542E-01	8.945026034
5.97548E-01	9.665397056
5.97555E-01	10.53239711
5.97562E-01	11.56471586
5.97586E-01	15.54260203
5.97591E-01	16.12509952
5.97595E-01	16.50094422
5.97600E-01	16.64720498
5.97605E-01	16.54189145
5.97610E-01	16.19041328
5.97614E-01	15.64058937
5.97638E-01	11.58633856
5.97644E-01	10.72206985
5.97649E-01	9.943807333
5.97660E-01	8.705155108
5.97671E-01	7.807735109
5.97683E-01	7.156773032
5.97694E-01	6.688992869
5.97705E-01	6.343631544
5.97716E-01	6.084291352
5.97727E-01	5.885147282
5.97749E-01	5.606930224
5.97772E-01	5.422240047
5.97794E-01	5.296533086
5.97861E-01	5.095734834
5.97905E-01	5.027915187
5.97994E-01	4.95544461
5.98083E-01	4.919427283
5.98172E-01	4.899589505
5.98351E-01	4.879628081
5.98529E-01	4.870274099
5.98707E-01	4.865217004
5.99063E-01	4.860080562
5.99776E-01	4.855741679
6.00488E-01	4.853305222
6.01914E-01	4.849502557
6.03339E-01	4.846211354
6.04764E-01	4.843800592
6.05477E-01	4.843385664
6.06189E-01	4.844199564
6.06902E-01	4.847845682
6.07258E-01	4.852133468
6.07614E-01	4.860277818
6.07971E-01	4.877396488
6.08149E-01	4.893857022
6.08416E-01	4.945463936
6.08594E-01	5.032203225
6.08683E-01	5.119660573
6.08772E-01	5.283432612
6.08817E-01	5.425859049
6.08861E-01	5.644529594
6.08884E-01	5.800540634
6.08906E-01	6.010988765
6.08928E-01	6.296688472
6.08950E-01	6.695106978
6.08973E-01	7.257134783
6.08984E-01	7.629874348
6.08995E-01	8.094766009
6.09006E-01	8.664777442
6.09017E-01	9.375251662
6.09028E-01	10.23951311
6.09040E-01	11.29293964
6.09047E-01	12.10088244
6.09085E-01	16.39769863
6.09092E-01	16.87861014
6.09100E-01	17.06821797
6.09108E-01	16.94370342
6.09115E-01	16.51770563
6.09123E-01	15.85477339
6.09161E-01	11.37701124
6.09168E-01	10.63996203
6.09175E-01	9.979536878
6.09190E-01	8.903688391
6.09205E-01	8.086167002
6.09219E-01	7.467787847
6.09234E-01	6.997399284
6.09249E-01	6.635204019
6.09263E-01	6.35297876
6.09278E-01	6.130796646
6.09308E-01	5.807542119
6.09337E-01	5.584709345
6.09367E-01	5.428921202
6.09455E-01	5.168756364
6.09514E-01	5.076816574
6.09632E-01	4.976894152
6.09867E-01	4.898561414
6.09985E-01	4.881298836
6.10338E-01	4.858379026
6.10809E-01	4.852940437
6.11280E-01	4.861878468
6.11516E-01	4.872927967
6.11987E-01	4.925555229
6.12105E-01	4.952830258
6.12340E-01	5.054830642
6.12517E-01	5.238759296
6.12635E-01	5.519345585
6.12664E-01	5.633389069
6.12723E-01	5.972469402
6.12752E-01	6.22859336
6.12796E-01	6.794175091
6.12811E-01	7.0635319
6.12841E-01	7.786037601
6.12855E-01	8.277515524
6.12870E-01	8.895566229
6.12885E-01	9.6685516
6.12900E-01	10.64416533
6.12914E-01	11.87016865
6.12922E-01	12.59886208
6.12938E-01	14.47736695
6.12982E-01	20.27175978
6.12991E-01	20.93343681
6.13000E-01	21.19432038
6.13009E-01	21.01757893
6.13018E-01	20.41982763
6.13027E-01	19.47947486
6.13062E-01	14.50016333
6.13071E-01	13.34787257
6.13082E-01	12.10456918
6.13093E-01	11.03952577
6.13104E-01	10.14721717
6.13115E-01	9.404069364
6.13126E-01	8.785989945
6.13137E-01	8.271173262
6.13159E-01	7.482857108
6.13181E-01	6.921392236
6.13203E-01	6.503454609
6.13225E-01	6.190576511
6.13247E-01	5.951705747
6.13291E-01	5.621777397
6.13335E-01	5.40889734
6.13423E-01	5.159740677
6.13511E-01	5.029128808
6.13598E-01	4.952631481
6.13774E-01	4.871088106
6.13950E-01	4.831296912
6.14126E-01	4.808386814
6.14302E-01	4.793555191
6.14829E-01	4.765248139
6.15181E-01	4.745196204
6.15357E-01	4.729968624
6.15533E-01	4.705798499
6.15621E-01	4.687736163
6.15709E-01	4.666382389
6.15753E-01	4.663230731
6.15797E-01	4.697222782
6.15819E-01	4.778858453
6.15830E-01	4.869733892
6.15841E-01	5.036410607
6.15852E-01	5.376649095
6.15857E-01	5.67612098
6.15863E-01	6.121975733
6.15868E-01	6.775283203
6.15874E-01	7.692717999
6.15879E-01	8.890710792
6.15892E-01	12.24646212
6.15896E-01	13.00604764
6.15900E-01	13.48704759
6.15902E-01	13.60190902
6.15908E-01	13.44918629
6.15912E-01	12.96562305
6.15916E-01	12.26321811
6.15925E-01	10.30029285
6.15929E-01	9.391350544
6.15934E-01	8.593816648
6.15943E-01	7.437924364
6.15952E-01	6.720972657
6.15961E-01	6.272556854
6.15970E-01	5.979062586
6.15988E-01	5.625008387
6.16007E-01	5.422631821
6.16025E-01	5.29681373
6.16061E-01	5.147760798
6.16098E-01	5.062182193
6.16134E-01	5.009039326
6.16207E-01	4.946027236
6.16280E-01	4.909711728
6.16353E-01	4.886618192
6.16499E-01	4.858672799
6.16645E-01	4.842197664
6.16791E-01	4.831357182
6.17374E-01	4.809260119
6.18833E-01	4.789757235
6.19417E-01	4.785401759
6.21751E-01	4.772982634
6.24085E-01	4.764386927
6.27586E-01	4.760772425
6.29336E-01	4.770876418
6.30795E-01	4.800371476
6.31378E-01	4.825876057
6.32254E-01	4.902356151
6.32837E-01	5.014927754
6.33275E-01	5.18565523
6.33566E-01	5.395432489
6.33785E-01	5.659288908
6.34004E-01	6.10832203
6.34077E-01	6.328457767
6.34150E-01	6.602526026
6.34223E-01	6.946333947
6.34296E-01	7.386375943
6.34332E-01	7.65259421
6.34405E-01	8.305714749
6.34442E-01	8.705128092
6.34515E-01	9.686746317
6.34551E-01	10.28642041
6.34627E-01	11.78875998
6.34783E-01	15.65447928
6.34822E-01	16.48242494
6.34861E-01	17.06230546
6.34900E-01	17.30923331
6.34939E-01	17.18557906
6.34978E-01	16.71615951
6.35017E-01	15.97780954
6.35173E-01	12.29574827
6.35213E-01	11.50393154
6.35259E-01	10.6957627
6.35305E-01	10.02068254
6.35351E-01	9.471769578
6.35398E-01	9.033267632
6.35444E-01	8.694853842
6.35536E-01	8.281503434
6.35583E-01	8.200620584
6.35629E-01	8.208270827
6.35675E-01	8.313319841
6.35744E-01	8.712295002
6.35768E-01	8.931738352
6.35814E-01	9.544735059
6.35837E-01	9.963347778
6.35860E-01	10.48014062
6.35883E-01	11.11066972
6.35906E-01	11.8799387
6.35929E-01	12.81196942
6.35953E-01	13.93001603
6.35971E-01	14.95437198
6.36045E-01	19.77158912
6.36063E-01	20.79175273
6.36082E-01	21.48769595
6.36100E-01	21.75991742
6.36118E-01	21.55486478
6.36137E-01	20.90093579
6.36155E-01	19.88760353
6.36229E-01	14.77615315
6.36248E-01	13.63279408
6.36272E-01	12.32218418
6.36297E-01	11.22553167
6.36321E-01	10.31988932
6.36346E-01	9.571582712
6.36371E-01	8.957166739
6.36395E-01	8.448149201
6.36445E-01	7.666252285
6.36469E-01	7.365199579
6.36518E-01	6.888897586
6.36543E-01	6.700178976
6.36592E-01	6.391687239
6.36642E-01	6.151158033
6.36691E-01	5.961715925
6.36789E-01	5.684311562
6.36937E-01	5.421314966
6.37233E-01	5.141477475
6.37627E-01	4.967438009
6.38218E-01	4.846086394
6.38613E-01	4.801814649
6.39795E-01	4.732032181
6.40978E-01	4.69840363
6.43343E-01	4.662361936
6.45708E-01	4.639390909
6.48862E-01	4.614662205
6.55169E-01	4.570172653
6.64629E-01	4.503297469
6.74090E-01	4.431414918
6.77243E-01	4.405951425
6.80397E-01	4.380070421
6.82762E-01	4.362221417
6.83550E-01	4.35809662
6.84338E-01	4.357494419
6.84733E-01	4.360517152
6.85324E-01	4.377195105
6.85521E-01	4.390597855
6.85915E-01	4.453798041
6.86014E-01	4.486867505
6.86211E-01	4.610364528
6.86309E-01	4.733359457
6.86359E-01	4.826826235
6.86408E-01	4.955876702
6.86457E-01	5.140000236
6.86506E-01	5.40911588
6.86556E-01	5.827839253
6.86580E-01	6.130184889
6.86605E-01	6.526377862
6.86630E-01	7.048896858
6.86654E-01	7.744701937
6.86667E-01	8.175563257
6.86679E-01	8.678815067
6.86704E-01	9.935954644
6.86716E-01	10.67217218
6.86764E-01	14.06145065
6.86776E-01	14.76659092
6.86788E-01	15.25555084
6.86800E-01	15.46048483
6.86812E-01	15.35328473
6.86824E-01	14.9482932
6.86836E-01	14.3098877
6.86884E-01	10.95679971
6.86897E-01	10.18895898
6.86909E-01	9.500705155
6.86933E-01	8.376554278
6.86945E-01	7.924769683
6.86970E-01	7.201739589
6.86994E-01	6.65260183
6.87019E-01	6.23857839
6.87043E-01	5.919497986
6.87068E-01	5.670853104
6.87117E-01	5.316965843
6.87141E-01	5.190271217
6.87190E-01	4.997874031
6.87239E-01	4.860708397
6.87386E-01	4.627965742
6.87582E-01	4.49187731
6.87680E-01	4.454167914
6.88071E-01	4.376977741
6.88267E-01	4.357910505
6.88854E-01	4.326315016
6.89246E-01	4.314172843
6.90029E-01	4.297321193
6.90812E-01	4.284433293
6.91596E-01	4.273429748
6.91987E-01	4.269326697
6.92379E-01	4.269920935
6.92575E-01	4.277480265
6.92673E-01	4.287322113
6.92770E-01	4.307567601
6.92868E-01	4.352063076
6.92966E-01	4.474769071
6.93015E-01	4.623031684
6.93040E-01	4.753299537
6.93064E-01	4.963451536
6.93089E-01	5.309153498
6.93101E-01	5.574278984
6.93113E-01	5.949090915
6.93125E-01	6.47847953
6.93138E-01	7.246556735
6.93150E-01	8.339298521
6.93162E-01	9.854856854
6.93181E-01	12.68877272
6.93191E-01	13.81083593
6.93195E-01	14.1456913
6.93200E-01	14.29308616
6.93205E-01	14.23488622
6.93210E-01	13.97659676
6.93219E-01	12.99072355
6.93238E-01	10.29264945
6.93244E-01	9.522932548
6.93250E-01	8.829354895
6.93262E-01	7.727555546
6.93274E-01	6.934387901
6.93286E-01	6.362940273
6.93298E-01	5.954824079
6.93310E-01	5.656307669
6.93333E-01	5.253935145
6.93357E-01	5.002169388
6.93381E-01	4.836364023
6.93405E-01	4.722043091
6.93429E-01	4.641079543
6.93524E-01	4.46701462
6.93620E-01	4.391773351
6.93715E-01	4.351290252
6.93811E-01	4.326977774
6.94002E-01	4.299281526
6.94383E-01	4.273627332
6.94765E-01	4.260543346
6.95147E-01	4.251748535
6.96293E-01	4.23559647
6.97056E-01	4.232756335
6.97438E-01	4.236835148
6.98011E-01	4.263048989
6.98488E-01	4.34904195
6.98775E-01	4.514723286
6.98918E-01	4.701398465
6.98966E-01	4.798159495
6.99061E-01	5.083668774
6.99109E-01	5.298858436
6.99180E-01	5.771552111
6.99204E-01	5.991972224
6.99252E-01	6.572262886
6.99276E-01	6.953377395
6.99300E-01	7.417556162
6.99324E-01	7.981429441
6.99348E-01	8.662779156
6.99367E-01	9.301428699
6.99386E-01	10.03855947
6.99405E-01	10.86704918
6.99462E-01	13.61365986
6.99481E-01	14.41462035
6.99500E-01	15.00661017
6.99519E-01	15.30263696
6.99538E-01	15.26264932
6.99557E-01	14.89988777
6.99576E-01	14.26869281
6.99653E-01	10.9271138
6.99671E-01	10.17444942
6.99690E-01	9.506761661
6.99728E-01	8.408786068
6.99747E-01	7.964886387
6.99785E-01	7.246673964
6.99842E-01	6.487555607
6.99880E-01	6.120386829
6.99917E-01	5.834322148
6.99955E-01	5.606886012
6.99993E-01	5.424417939
7.00069E-01	5.152553821
7.00107E-01	5.050763384
7.00258E-01	4.773259394
7.00409E-01	4.614419473
7.00712E-01	4.447800213
7.01166E-01	4.336981417
7.02075E-01	4.250981327
7.03286E-01	4.203870978
7.05102E-01	4.166258051
7.08130E-01	4.131941563
7.11158E-01	4.13888876
7.12975E-01	4.195413024
7.14791E-01	4.363990512
7.15397E-01	4.472876987
7.16305E-01	4.732540159
7.16608E-01	4.857503449
7.17213E-01	5.195501386
7.17516E-01	5.423964456
7.17819E-01	5.705888013
7.18122E-01	6.054942615
7.18424E-01	6.488369084
7.18727E-01	7.02621838
7.19030E-01	7.690290551
7.19276E-01	8.337650888
7.19523E-01	9.090311206
7.20754E-01	13.62269411
7.21000E-01	14.24495398
7.21313E-01	14.80813838
7.21418E-01	15.08917753
7.21488E-01	15.41990132
7.21559E-01	15.98461247
7.21629E-01	16.93506895
7.21700E-01	18.38006847
7.21771E-01	20.08242018
7.21806E-01	20.77331235
7.21841E-01	21.18559383
7.21876E-01	21.26116149
7.21912E-01	21.02251571
7.22041E-01	19.0306957
7.22157E-01	17.33933236
7.22274E-01	16.13529034
7.22391E-01	15.27956627
7.22508E-01	14.67728899
7.22654E-01	14.30862646
7.22712E-01	14.37188155
7.22741E-01	14.48889734
7.22800E-01	15.01941945
7.22844E-01	15.894247
7.22858E-01	16.34489168
7.22887E-01	17.60762545
7.22917E-01	19.52272504
7.22943E-01	21.90659764
7.22970E-01	24.46524486
7.22985E-01	25.520852
7.23000E-01	25.94513142
7.23010E-01	25.77870836
7.23021E-01	25.24932362
7.23031E-01	24.42496773
7.23073E-01	20.00209259
7.23084E-01	18.9722253
7.23099E-01	17.65210505
7.23115E-01	16.56273393
7.23130E-01	15.67478213
7.23161E-01	14.36072969
7.23192E-01	13.47263868
7.23208E-01	13.13637109
7.23270E-01	12.19590955
7.23363E-01	11.39734399
7.23519E-01	10.63571706
7.23643E-01	10.20951876
7.23954E-01	9.408021626
7.24327E-01	8.682954049
7.24700E-01	8.110090342
7.25073E-01	7.644984779
7.25819E-01	6.940985796
7.26566E-01	6.441199102
7.27561E-01	5.972136598
7.28556E-01	5.642951583
7.30048E-01	5.303608085
7.31540E-01	5.072867762
7.33033E-01	4.905806758
7.34525E-01	4.779098391
7.36018E-01	4.681191057
7.37013E-01	4.633277964
7.37510E-01	4.620841942
7.38008E-01	4.63479337
7.38132E-01	4.649267945
7.38381E-01	4.71630697
7.38505E-01	4.791259337
7.38629E-01	4.937041753
7.38692E-01	5.06515617
7.38754E-01	5.26152133
7.38785E-01	5.401266074
7.38816E-01	5.586642446
7.38847E-01	5.834356708
7.38878E-01	6.172906158
7.38909E-01	6.639780472
7.38925E-01	6.940444161
7.38940E-01	7.3081239
7.38956E-01	7.749934702
7.38972E-01	8.286882162
7.38987E-01	8.928261906
7.39003E-01	9.695532007
7.39015E-01	10.37887726
7.39063E-01	13.54509948
7.39076E-01	14.20564328
7.39088E-01	14.6677026
7.39100E-01	14.8681591
7.39112E-01	14.78019663
7.39124E-01	14.41620467
7.39137E-01	13.8288769
7.39197E-01	10.02612698
7.39209E-01	9.422815884
7.39221E-01	8.89224114
7.39244E-01	8.01743223
7.39267E-01	7.345431104
7.39290E-01	6.833018858
7.39313E-01	6.439207148
7.39337E-01	6.132745573
7.39360E-01	5.891128806
7.39383E-01	5.699825553
7.39430E-01	5.416742829
7.39476E-01	5.218923371
7.39522E-01	5.07808692
7.39615E-01	4.894891954
7.39848E-01	4.684914858
7.40126E-01	4.584499024
7.40312E-01	4.547512142
7.40684E-01	4.501212684
7.41055E-01	4.471031609
7.41798E-01	4.428329004
7.43656E-01	4.351990293
7.51088E-01	4.109945077
7.55547E-01	3.944178648
7.57776E-01	3.838253913
7.60377E-01	3.69723008
7.61120E-01	3.672403937
7.61678E-01	3.679411366
7.62235E-01	3.742020862
7.62421E-01	3.786378597
7.62793E-01	3.938490175
7.63144E-01	4.214386627
7.63309E-01	4.417464004
7.63557E-01	4.861677519
7.63639E-01	5.059607058
7.63804E-01	5.555973905
7.63887E-01	5.865447125
7.64052E-01	6.640830352
7.64135E-01	7.125248105
7.64259E-01	8.013984634
7.64300E-01	8.364612157
7.64404E-01	9.406600253
7.64455E-01	10.04217502
7.64507E-01	10.79139309
7.64559E-01	11.69677217
7.64585E-01	12.22642762
7.64637E-01	13.49396396
7.64663E-01	14.25500926
7.64715E-01	16.10331359
7.64738E-01	17.07919332
7.64830E-01	21.56667894
7.64854E-01	22.54248267
7.64877E-01	23.25572978
7.64900E-01	23.6114068
7.64923E-01	23.55967106
7.64946E-01	23.11540339
7.64969E-01	22.35826228
7.65062E-01	18.2619021
7.65085E-01	17.33283131
7.65119E-01	16.1793746
7.65152E-01	15.22342133
7.65186E-01	14.44092325
7.65253E-01	13.26764081
7.65320E-01	12.44224081
7.65420E-01	11.56728086
7.65488E-01	11.11993266
7.65622E-01	10.39391469
7.65861E-01	9.391810781
7.66020E-01	8.847543165
7.66260E-01	8.167093758
7.66499E-01	7.619217513
7.66738E-01	7.176259779
7.67057E-01	6.71020678
7.67536E-01	6.199644594
7.68014E-01	5.838317295
7.68493E-01	5.572417233
7.69131E-01	5.312770777
7.70088E-01	5.045877573
7.71045E-01	4.864029039
7.72641E-01	4.661232215
7.74555E-01	4.503246594
7.77107E-01	4.362069508
7.80936E-01	4.218470227
7.82850E-01	4.163334043
7.83488E-01	4.147317631
7.84126E-01	4.133580737
7.84445E-01	4.128522841
7.84764E-01	4.12629708
7.85083E-01	4.130823879
7.85243E-01	4.139218991
7.85403E-01	4.157543841
7.85562E-01	4.198488553
7.85642E-01	4.23856189
7.85761E-01	4.360954234
7.85801E-01	4.438597028
7.85841E-01	4.553989146
7.85881E-01	4.734931659
7.85921E-01	5.029671526
7.85941E-01	5.252408028
7.85961E-01	5.566698156
7.85981E-01	6.009423918
7.86001E-01	6.647843924
7.86011E-01	7.067217601
7.86021E-01	7.583783178
7.86031E-01	8.209534787
7.86041E-01	8.952728323
7.86070E-01	11.6454418
7.86085E-01	12.82247498
7.86093E-01	13.19739358
7.86100E-01	13.36767063
7.86107E-01	13.30729536
7.86115E-01	13.02801444
7.86122E-01	12.56472548
7.86159E-01	9.278605228
7.86172E-01	8.353175445
7.86184E-01	7.59517576
7.86196E-01	6.990306955
7.86208E-01	6.508254075
7.86221E-01	6.130788308
7.86233E-01	5.829564938
7.86257E-01	5.390356438
7.86282E-01	5.089936303
7.86306E-01	4.879836994
7.86355E-01	4.617007174
7.86404E-01	4.464506944
7.86502E-01	4.300669708
7.86747E-01	4.159240138
7.86943E-01	4.118320723
7.87139E-01	4.0955504
7.87335E-01	4.080729009
7.87727E-01	4.061151417
7.88119E-01	4.047288487
7.89295E-01	4.016585898
7.90078E-01	3.999484408
7.92430E-01	3.955030553
7.98700E-01	3.890020869
8.02619E-01	3.952691218
8.04971E-01	4.105438419
8.05754E-01	4.194898117
8.07322E-01	4.472097782
8.08106E-01	4.68214727
8.08890E-01	4.961273706
8.09673E-01	5.331851871
8.10457E-01	5.822720998
8.10849E-01	6.123743149
8.11591E-01	6.813869128
8.12466E-01	7.854147161
8.12817E-01	8.340567631
8.13342E-01	9.150662188
8.13604E-01	9.638834449
8.13779E-01	10.13312302
8.13867E-01	10.60936938
8.13889E-01	10.79247588
8.13933E-01	11.33997428
8.13954E-01	11.76147316
8.13987E-01	12.73255111
8.13998E-01	13.20768377
8.14020E-01	14.50846623
8.14031E-01	15.38406382
8.14042E-01	16.44802455
8.14057E-01	18.10402568
8.14078E-01	20.69894183
8.14086E-01	21.38932519
8.14093E-01	21.86693252
8.14100E-01	22.08893816
8.14107E-01	22.02155959
8.14115E-01	21.67005422
8.14122E-01	21.08417446
8.14144E-01	18.53429292
8.14158E-01	16.810535
8.14172E-01	15.45592295
8.14185E-01	14.3967045
8.14199E-01	13.59764701
8.14212E-01	13.00438121
8.14224E-01	12.62206681
8.14236E-01	12.33250481
8.14259E-01	11.94818553
8.14283E-01	11.74870663
8.14306E-01	11.68749052
8.14330E-01	11.74019108
8.14377E-01	12.14555023
8.14447E-01	13.27255123
8.14494E-01	13.91847983
8.14541E-01	14.16579891
8.14727E-01	13.38660973
8.14796E-01	13.1691216
8.15005E-01	12.92807311
8.15283E-01	12.99253266
8.15700E-01	13.25357984
8.16257E-01	13.51682097
8.16815E-01	13.54864035
8.17372E-01	13.34035337
8.17930E-01	12.94047821
8.20159E-01	10.65571336
8.21092E-01	9.775976682
8.22024E-01	9.03540858
8.22723E-01	8.59155119
8.23190E-01	8.405381181
8.23423E-01	8.431984671
8.23598E-01	8.663106479
8.23656E-01	8.849629623
8.23714E-01	9.159901062
8.23743E-01	9.391645129
8.23772E-01	9.701269724
8.23802E-01	10.11727038
8.23845E-01	11.0300803
8.23860E-01	11.44636168
8.23889E-01	12.49433365
8.23903E-01	13.09733877
8.23958E-01	15.92151418
8.23972E-01	16.52223633
8.23986E-01	16.94949226
8.24000E-01	17.14288764
8.24014E-01	17.07373222
8.24028E-01	16.74988066
8.24042E-01	16.21629196
8.24111E-01	12.72617272
8.24127E-01	12.0789415
8.24158E-01	11.03881521
8.24173E-01	10.63313145
8.24204E-01	9.988626648
8.24235E-01	9.50801032
8.24297E-01	8.876498661
8.24328E-01	8.664064074
8.24421E-01	8.247933949
8.24608E-01	7.83923751
8.24732E-01	7.688046731
8.24980E-01	7.485414579
8.25353E-01	7.27827947
8.26098E-01	6.972672777
8.27092E-01	6.653992207
8.28582E-01	6.278665831
8.29079E-01	6.173715803
8.30569E-01	5.910637035
8.30817E-01	5.876038147
8.31066E-01	5.84684533
8.31314E-01	5.828120487
8.31562E-01	5.839144813
8.31686E-01	5.878858057
8.31811E-01	6.001686711
8.31873E-01	6.152742481
8.31904E-01	6.284823567
8.31935E-01	6.498538056
8.31966E-01	6.85140747
8.31981E-01	7.124479577
8.31997E-01	7.516214634
8.32012E-01	8.080586312
8.32028E-01	8.917089205
8.32036E-01	9.480549517
8.32043E-01	10.18229734
8.32051E-01	11.03420934
8.32059E-01	12.03869952
8.32080E-01	15.05861598
8.32090E-01	16.26586531
8.32095E-01	16.63679237
8.32100E-01	16.80362293
8.32105E-01	16.74248272
8.32110E-01	16.46269395
8.32115E-01	15.98859288
8.32121E-01	15.34668684
8.32131E-01	13.82059029
8.32141E-01	12.22754752
8.32149E-01	11.12812844
8.32157E-01	10.17921284
8.32165E-01	9.409721159
8.32173E-01	8.78206956
8.32189E-01	7.880597516
8.32205E-01	7.285848188
8.32221E-01	6.888966615
8.32237E-01	6.615564243
8.32269E-01	6.273088086
8.32300E-01	6.071955014
8.32332E-01	5.948661039
8.32396E-01	5.807905462
8.32460E-01	5.73103585
8.32524E-01	5.684570596
8.32651E-01	5.629539453
8.32779E-01	5.595432692
8.32906E-01	5.570293642
8.33161E-01	5.530895744
8.33671E-01	5.467025147
8.34691E-01	5.357898627
8.36221E-01	5.217388215
8.38262E-01	5.062390266
8.39282E-01	4.99730779
8.42852E-01	4.850988202
8.43872E-01	4.850525484
8.45402E-01	4.937781489
8.46422E-01	5.120278301
8.47187E-01	5.396144861
8.47697E-01	5.696179939
8.47952E-01	5.896861504
8.48463E-01	6.435425006
8.48717E-01	6.788221004
8.48972E-01	7.206481035
8.49481E-01	8.234329467
8.49991E-01	9.404560741
8.50245E-01	9.941773792
8.50500E-01	10.36884396
8.50755E-01	10.63444309
8.51009E-01	10.71361852
8.51264E-01	10.61439798
8.51519E-01	10.37102417
8.52789E-01	8.484614995
8.53545E-01	7.577026365
8.54300E-01	6.929433772
8.55055E-01	6.471995716
8.56062E-01	6.056976095
8.57069E-01	5.789870107
8.58328E-01	5.626989904
8.58832E-01	5.63957062
8.59209E-01	5.711448845
8.59587E-01	5.895142477
8.59902E-01	6.234668803
8.60027E-01	6.464783656
8.60216E-01	6.99483445
8.60279E-01	7.24427455
8.60405E-01	7.907263069
8.60468E-01	8.34570821
8.60531E-01	8.873255731
8.60594E-01	9.503836764
8.60645E-01	10.09154032
8.60848E-01	12.92404336
8.60899E-01	13.55014866
8.60949E-01	14.00284007
8.61000E-01	14.21625033
8.61051E-01	14.15522065
8.61102E-01	13.83204823
8.61152E-01	13.29851933
8.61355E-01	10.51960078
8.61406E-01	9.896935357
8.61469E-01	9.221241616
8.61532E-01	8.645699196
8.61595E-01	8.161970213
8.61658E-01	7.756821676
8.61785E-01	7.13159335
8.61911E-01	6.684974553
8.62100E-01	6.227780372
8.62415E-01	5.778889262
8.62794E-01	5.484093258
8.63046E-01	5.359434153
8.63677E-01	5.164691487
8.64434E-01	5.030835456
8.65444E-01	4.918904959
8.66453E-01	4.839807606
8.68472E-01	4.72279013
8.71501E-01	4.582016983
8.73520E-01	4.480738389
8.75791E-01	4.286396885
8.76548E-01	4.143300892
8.76801E-01	4.070532208
8.77053E-01	3.979508106
8.77306E-01	3.883835938
8.77432E-01	3.868212942
8.77495E-01	3.893894545
8.77558E-01	3.969694034
8.77588E-01	4.035928977
8.77618E-01	4.134995059
8.77649E-01	4.276473501
8.77679E-01	4.477161367
8.77709E-01	4.756306825
8.77739E-01	5.140476513
8.77770E-01	5.653800416
8.77800E-01	6.311197073
8.77830E-01	7.096474547
8.77861E-01	7.952481651
8.77906E-01	9.112235166
8.77936E-01	9.603364075
8.77951E-01	9.728812492
8.77982E-01	9.768408013
8.78012E-01	9.587563873
8.78042E-01	9.267313673
8.78110E-01	8.403748585
8.78179E-01	7.643870005
8.78213E-01	7.333699928
8.78281E-01	6.836068812
8.78315E-01	6.638841306
8.78383E-01	6.318715848
8.78452E-01	6.0713722
8.78588E-01	5.723705098
8.78793E-01	5.406868786
8.79134E-01	5.12169543
8.79544E-01	4.940457295
8.79953E-01	4.832937133
8.80772E-01	4.710499013
8.81864E-01	4.642145319
8.82410E-01	4.645479986
8.83307E-01	4.75121338
8.83605E-01	4.834575787
8.84203E-01	5.124192152
8.84800E-01	5.623849871
8.85455E-01	6.312699869
8.85672E-01	6.501867363
8.85889E-01	6.634894443
8.86105E-01	6.69514113
8.86322E-01	6.674484891
8.86539E-01	6.573740633
8.86756E-01	6.400286395
8.87190E-01	5.891655652
8.87695E-01	5.165060318
8.88200E-01	4.466114992
8.88543E-01	4.075275708
8.88886E-01	3.775406048
8.89229E-01	3.566201482
8.89573E-01	3.435267751
8.89916E-01	3.365315023
8.90259E-01	3.339014977
8.90945E-01	3.362871254
8.92160E-01	3.489761671
8.93983E-01	3.661415901
8.95806E-01	3.766759678
8.99452E-01	3.855866933
9.03705E-01	3.860693136
9.04920E-01	3.848416517
9.06743E-01	3.813454435
9.08262E-01	3.750102388
9.09174E-01	3.661999902
9.09781E-01	3.525379324
9.10085E-01	3.391558929
9.10313E-01	3.27564048
9.10389E-01	3.283819594
9.10442E-01	3.349666195
9.10494E-01	3.515366626
9.10521E-01	3.65811884
9.10547E-01	3.86003156
9.10574E-01	4.125783851
9.10600E-01	4.456676247
9.10653E-01	5.228955768
9.10679E-01	5.60116287
9.10706E-01	5.914661129
9.10732E-01	6.142836233
9.10758E-01	6.275963757
9.10811E-01	6.336878891
9.10974E-01	6.018915401
9.11055E-01	5.944227182
9.11136E-01	6.007212277
9.11177E-01	6.103773399
9.11217E-01	6.257011518
9.11258E-01	6.48370014
9.11299E-01	6.810348317
9.11339E-01	7.267731233
9.11359E-01	7.562554049
9.11380E-01	7.918863115
9.11420E-01	8.852702557
9.11441E-01	9.455351191
9.11478E-01	10.85932194
9.11565E-01	14.88221122
9.11583E-01	15.4333745
9.11600E-01	15.69494006
9.11617E-01	15.63087241
9.11635E-01	15.2468456
9.11652E-01	14.59666171
9.11739E-01	10.203172
9.11756E-01	9.500885939
9.11789E-01	8.340239004
9.11806E-01	7.876084428
9.11840E-01	7.125195887
9.11873E-01	6.552533166
9.11907E-01	6.118714461
9.11940E-01	5.78350996
9.11974E-01	5.521340555
9.12041E-01	5.145906477
9.12075E-01	5.01046428
9.12142E-01	4.803417513
9.12209E-01	4.654249287
9.12276E-01	4.543753912
9.12410E-01	4.393809971
9.12679E-01	4.230698944
9.13082E-01	4.114758889
9.13351E-01	4.070437948
9.13888E-01	4.013689964
9.14425E-01	3.977366804
9.15499E-01	3.930126378
9.16037E-01	3.913025202
9.17648E-01	3.878408534
9.18454E-01	3.877775744
9.18722E-01	3.88510465
9.19260E-01	3.934637825
9.19663E-01	4.07491046
9.19864E-01	4.270028306
9.19931E-01	4.38391183
9.19998E-01	4.542471136
9.20065E-01	4.767902002
9.20133E-01	5.103028689
9.20166E-01	5.334656151
9.20200E-01	5.625569315
9.20233E-01	5.992911434
9.20267E-01	6.462287877
9.20300E-01	7.060580923
9.20334E-01	7.81131316
9.20355E-01	8.358904419
9.20438E-01	10.99514281
9.20459E-01	11.57657377
9.20479E-01	12.00063153
9.20500E-01	12.21168408
9.20521E-01	12.17715264
9.20542E-01	11.90486612
9.20562E-01	11.43697761
9.20666E-01	8.354516085
9.20690E-01	7.760785478
9.20715E-01	7.247595521
9.20739E-01	6.812798633
9.20763E-01	6.443228902
9.20812E-01	5.870508566
9.20861E-01	5.455274266
9.20910E-01	5.146333802
9.20958E-01	4.914072978
9.21056E-01	4.596252833
9.21105E-01	4.485406203
9.21251E-01	4.262480342
9.21348E-01	4.167230704
9.21543E-01	4.044566263
9.21836E-01	3.943538998
9.22030E-01	3.901850214
9.22615E-01	3.827429223
9.23005E-01	3.796011968
9.23785E-01	3.747257877
9.25344E-01	3.640973912
9.25734E-01	3.59588969
9.26124E-01	3.523508167
9.26319E-01	3.464666373
9.26514E-01	3.371530834
9.26611E-01	3.30090685
9.26709E-01	3.202953086
9.26806E-01	3.070590855
9.26855E-01	3.004283248
9.26904E-01	2.983572329
9.26928E-01	3.035367136
9.26952E-01	3.188862093
9.26976E-01	3.509995803
9.27000E-01	4.047547197
9.27024E-01	4.729244616
9.27048E-01	5.348014869
9.27060E-01	5.558801298
9.27072E-01	5.681948488
9.27096E-01	5.71301015
9.27127E-01	5.529747761
9.27157E-01	5.282225271
9.27188E-01	5.056276011
9.27219E-01	4.872766874
9.27280E-01	4.606463511
9.27341E-01	4.42879796
9.27464E-01	4.217692705
9.27587E-01	4.097761068
9.27832E-01	3.965383928
9.28077E-01	3.893298505
9.28813E-01	3.786550016
9.31020E-01	3.65564076
9.34945E-01	3.489955427
9.37888E-01	3.360214856
9.39359E-01	3.317570979
9.40095E-01	3.323989508
9.40831E-01	3.378087911
9.41567E-01	3.534304006
9.41812E-01	3.626950388
9.42057E-01	3.750405454
9.42302E-01	3.913908663
9.42548E-01	4.128796917
9.42793E-01	4.408288172
9.42994E-01	4.695227828
9.43195E-01	5.042218506
9.43396E-01	5.452213079
9.43597E-01	5.921434735
9.43998E-01	6.957348007
9.44199E-01	7.445390324
9.44400E-01	7.842188628
9.44601E-01	8.097919946
9.44802E-01	8.185176976
9.45003E-01	8.105649974
9.45204E-01	7.885291979
9.45605E-01	7.185307439
9.46138E-01	6.106214365
9.46401E-01	5.624351182
9.46532E-01	5.418147884
9.46688E-01	5.226810719
9.46843E-01	5.131193087
9.46999E-01	5.19329457
9.47077E-01	5.308899296
9.47155E-01	5.494261413
9.47200E-01	5.636725655
9.47367E-01	6.323852718
9.47534E-01	7.081218244
9.47785E-01	8.075537096
9.47868E-01	8.461939784
9.47993E-01	9.216634115
9.48086E-01	9.895415348
9.48179E-01	10.5708701
9.48273E-01	11.08475534
9.48366E-01	11.30441958
9.48459E-01	11.20467251
9.48552E-01	10.86063191
9.48645E-01	10.38143195
9.48835E-01	9.334096566
9.48977E-01	8.659780069
9.49072E-01	8.31355701
9.49119E-01	8.184696662
9.49214E-01	8.063677415
9.49262E-01	8.109359411
9.49309E-01	8.26433823
9.49333E-01	8.398198659
9.49380E-01	8.834885918
9.49404E-01	9.158085959
9.49429E-01	9.580062702
9.49453E-01	10.11128265
9.49502E-01	11.45572466
9.49576E-01	13.7599835
9.49600E-01	14.36098584
9.49625E-01	14.76224986
9.49649E-01	14.93316557
9.49674E-01	14.8815899
9.49698E-01	14.63990708
9.49747E-01	13.83555745
9.49842E-01	12.05201166
9.49889E-01	11.31554128
9.49981E-01	10.17636229
9.50027E-01	9.742235398
9.50120E-01	9.062550829
9.50212E-01	8.558757902
9.50444E-01	7.728731087
9.50721E-01	7.127330917
9.50999E-01	6.726508886
9.51276E-01	6.432726454
9.51831E-01	6.017103093
9.52386E-01	5.729478594
9.53126E-01	5.453719607
9.53866E-01	5.250471339
9.54976E-01	5.025873686
9.56456E-01	4.81352998
9.58676E-01	4.593888946
9.61636E-01	4.390131152
9.66076E-01	4.149706739
9.69776E-01	3.915230526
9.71256E-01	3.7747479
9.71626E-01	3.731470967
9.72736E-01	3.588575808
9.73106E-01	3.557861751
9.73476E-01	3.588449879
9.73579E-01	3.623003073
9.73785E-01	3.764984316
9.73888E-01	3.894264444
9.73991E-01	4.084922456
9.74094E-01	4.362424964
9.74197E-01	4.75773041
9.74300E-01	5.304205415
9.74403E-01	6.017746509
9.74609E-01	7.746451327
9.74712E-01	8.468272939
9.74763E-01	8.713517918
9.74815E-01	8.867082383
9.74866E-01	8.92880591
9.74918E-01	8.904447376
9.75021E-01	8.672088979
9.75370E-01	7.32284618
9.75616E-01	6.557319185
9.75740E-01	6.263778823
9.75986E-01	5.8122334
9.76232E-01	5.488593171
9.76602E-01	5.14997956
9.77095E-01	4.853715575
9.77834E-01	4.570552422
9.79066E-01	4.270665404
9.81037E-01	3.893815441
9.82269E-01	3.648961198
9.82885E-01	3.573870949
9.83157E-01	3.594758753
9.83306E-01	3.637226801
9.83455E-01	3.714289186
9.83604E-01	3.840524303
9.83753E-01	4.035429726
9.83902E-01	4.323377546
9.84051E-01	4.730977455
9.84200E-01	5.281574977
9.84796E-01	8.221550557
9.84945E-01	8.688680483
9.85094E-01	8.908204868
9.85243E-01	8.920601971
9.85392E-01	8.786705036
9.85554E-01	8.548533353
9.86040E-01	7.723446982
9.86526E-01	7.066547808
9.87011E-01	6.606208533
9.87335E-01	6.379194206
9.87983E-01	6.053041092
9.88954E-01	5.75757798
9.89926E-01	5.592479952
9.90898E-01	5.504739261
9.91869E-01	5.470223783
9.93165E-01	5.484954393
9.94784E-01	5.529789885
9.95431E-01	5.478401427
9.95755E-01	5.40155519
9.96241E-01	5.172733019
9.96485E-01	4.988829214
9.96728E-01	4.75070493
9.96971E-01	4.462149006
9.97457E-01	3.800599369
9.97700E-01	3.482595483
9.97943E-01	3.210462251
9.98186E-01	3.000645602
9.98429E-01	2.857119434
9.98672E-01	2.773603597
9.98915E-01	2.738511154
9.99402E-01	2.764254251
9.99645E-01	2.804890024
9.99956E-01	2.874213141
9.99967E-01	2.905040764
9.99978E-01	3.027606288
9.99989E-01	3.345964983
1.00000E+00	4.91442455
1.00530E+00	4.020864413
1.00710E+00	4.247388606
1.00780E+00	5.326698014
1.01000E+00	4.30267541
1.01010E+00	4.256127617
1.01820E+00	4.613230322
1.01900E+00	4.634630589
1.01990E+00	4.158130889
1.02340E+00	4.057132058
1.02440E+00	4.049032392
1.02580E+00	3.897132859
1.02700E+00	4.99283326
1.02830E+00	9.928633694
1.03000E+00	6.401034262
1.03220E+00	5.092134996
1.03320E+00	6.42393533
1.03440E+00	4.216435731
1.03560E+00	4.610736132
1.03650E+00	7.977836432
1.03760E+00	5.4559368
1.04560E+00	4.659839471
1.04700E+00	5.508039938
1.04760E+00	6.431240139
1.04850E+00	4.848440439
1.05370E+00	4.524942175
1.05520E+00	4.781042676
1.05600E+00	5.468642943
1.05710E+00	4.604143311
1.05800E+00	5.057943611
1.05870E+00	4.470943845
1.05990E+00	6.879244246
1.06120E+00	5.07894468
1.06830E+00	4.772547051
1.07100E+00	4.469347952
1.07340E+00	2.578548754
1.07590E+00	2.762349588
1.07720E+00	3.180650022
1.07790E+00	3.464350256
1.07940E+00	3.096850757
1.08140E+00	3.310151425
1.08230E+00	4.934351725
1.08410E+00	3.659452326
1.08640E+00	3.763153094
1.08740E+00	5.388953428
1.08820E+00	4.320853695
1.08910E+00	6.182553996
1.09020E+00	4.693654363
1.09120E+00	6.435154697
1.09230E+00	4.034855064
1.10140E+00	3.370058103
1.10290E+00	4.487658604
1.10450E+00	7.693759138
1.10770E+00	5.402560207
1.10950E+00	4.149960808
1.11030E+00	3.065361075
1.11060E+00	2.660961175
1.11240E+00	3.781661776
1.11420E+00	7.075262377
1.11640E+00	4.980763112
1.11770E+00	8.106263546
1.11880E+00	5.235563913
1.12130E+00	4.413064748
1.12250E+00	8.418665149
1.12350E+00	4.134365482
1.12410E+00	3.565265683
1.12560E+00	4.036366184
1.12730E+00	7.566666751
1.12930E+00	6.531567419
1.13010E+00	6.719567686
1.13100E+00	4.704167987
1.13550E+00	4.103269489
1.13640E+00	5.32156979
1.13750E+00	7.696370157
1.14090E+00	4.913171293
1.14650E+00	4.361473162
1.14760E+00	5.28097353
1.14890E+00	9.907873964
1.15000E+00	7.087874331
1.15190E+00	7.296874966
1.15620E+00	5.124176401
1.16260E+00	4.667978538
1.16370E+00	5.623378906
1.16490E+00	4.356279306
1.17180E+00	4.09738161
1.17350E+00	6.779582178
1.17620E+00	4.66818308
1.17870E+00	4.790483914
1.18190E+00	4.041184983
1.18490E+00	4.221685985
1.18620E+00	7.001886419
1.18750E+00	3.818486853
1.18910E+00	3.829387387
1.19000E+00	5.932187688
1.19070E+00	7.281287921
1.19400E+00	4.388589023
1.19740E+00	3.743490159
1.19840E+00	5.283390492
1.19930E+00	6.863290793
1.20110E+00	4.696991394
1.20440E+00	4.758892496
1.20520E+00	5.600292763
1.20610E+00	3.934193064
1.21240E+00	3.219495167
1.21390E+00	4.623795668
1.21480E+00	4.361695969
1.21670E+00	5.003696603
1.22300E+00	2.902098707
1.22380E+00	3.636398974
1.22590E+00	8.048399675
1.22700E+00	7.941500042
1.22830E+00	5.222300476
1.23000E+00	4.780201044
1.23100E+00	6.426001378
1.23230E+00	11.94040181
1.23440E+00	6.733002513
1.23670E+00	7.395603281
1.23960E+00	7.68510425
1.24580E+00	4.46250632
1.24750E+00	4.593206887
1.24930E+00	5.656807488
1.25040E+00	7.592107856
1.25530E+00	5.301509492
1.25910E+00	5.098710761
1.26040E+00	5.267011195
1.27000E+00	4.3055144
1.27320E+00	4.791415469
1.27620E+00	7.456016471
1.27900E+00	7.637917406
1.28120E+00	7.71061814
1.28360E+00	6.934418942
1.28480E+00	6.974419342
1.28670E+00	5.695419977
1.28970E+00	6.102920979
1.29080E+00	7.062021346
1.29220E+00	5.295321813
1.30460E+00	4.836925954
1.30640E+00	4.934426555
1.31020E+00	5.060727824
1.31140E+00	6.345128224
1.31270E+00	4.758428658
1.31440E+00	4.751029226
1.31980E+00	4.736731029
1.32280E+00	4.492232031
1.32390E+00	4.740332398
1.32510E+00	3.870232799
1.32750E+00	5.1359336
1.33180E+00	4.408035036
1.33820E+00	4.372537173
1.33930E+00	5.60973754
1.34080E+00	3.660338041
1.34190E+00	3.648438409
1.34340E+00	6.60953891
1.34510E+00	4.178439477
1.34690E+00	4.434340078
1.34800E+00	5.872840446
1.34950E+00	5.221240946
1.35080E+00	6.66594138
1.35280E+00	4.900142048
1.36030E+00	4.261844553
1.36250E+00	4.032145287
1.36560E+00	3.758046322
1.36780E+00	4.111547057
1.37210E+00	4.179248493
1.37320E+00	5.11364886
1.37520E+00	5.500749528
1.37990E+00	7.780451097
1.38950E+00	5.570154303
1.39360E+00	5.641755672
1.39840E+00	5.144757275
1.40440E+00	5.329859278
1.40580E+00	7.748459746
1.40720E+00	4.326660213
1.40980E+00	4.178761081
1.41160E+00	6.939861682
1.41610E+00	5.273663185
1.42290E+00	5.018965455
1.42430E+00	5.967565923
1.42600E+00	6.317966491
1.42740E+00	8.814366958
1.42910E+00	5.218467526
1.43170E+00	5.030868394
1.43480E+00	4.547869429
1.43960E+00	4.648771032
1.44060E+00	7.198971366
1.44280E+00	5.2962721
1.44780E+00	4.94567377
1.45540E+00	4.939776308
1.46720E+00	4.974880248
1.47040E+00	6.067581316
1.47520E+00	10.93048292
1.47890E+00	5.613884154
1.48220E+00	4.456485256
1.48420E+00	8.329485924
1.48620E+00	4.937086592
1.49710E+00	4.398690232
1.49920E+00	4.768390933
1.50050E+00	5.110591367
1.50200E+00	3.861691868
1.50530E+00	5.63639297
1.50690E+00	6.307293504
1.50950E+00	3.867394372
1.51280E+00	3.514795474
1.51390E+00	5.402295841
1.51490E+00	7.465396175
1.51780E+00	5.328097144
1.52120E+00	5.177098279
1.52300E+00	6.86639888
1.52460E+00	4.986699414
1.52770E+00	4.110300449
1.52960E+00	5.570801084
1.53430E+00	4.350802653
1.54150E+00	4.188605057
1.54340E+00	4.628005692
1.54630E+00	4.32490666
1.55090E+00	3.651108196
1.55120E+00	4.107108296
1.55200E+00	3.888808563
1.55300E+00	5.326508897
1.55470E+00	8.082509465
1.55760E+00	5.923610433
1.56250E+00	5.071112069
1.56420E+00	5.574812637
1.56580E+00	5.290713171
1.56690E+00	5.835313539
1.56830E+00	4.854414006
1.56960E+00	5.80981444
1.57260E+00	3.710915442
1.57650E+00	4.013816744
1.57790E+00	4.631617212
1.57930E+00	3.450617679
1.58200E+00	3.232718581
1.58370E+00	4.054819148
1.58510E+00	3.152219616
1.58790E+00	2.973220551
1.59070E+00	5.561021486
1.59290E+00	7.26092222
1.59460E+00	6.484422788
1.59630E+00	5.179923356
1.59940E+00	4.355424391
1.60190E+00	4.152225226
1.60280E+00	4.135925526
1.60420E+00	4.750125994
1.60640E+00	3.917326728
1.60760E+00	4.957827129
1.60900E+00	6.440327596
1.61360E+00	6.000229132
1.61560E+00	7.8468298
1.61730E+00	4.737830368
1.61840E+00	4.333830735
1.62040E+00	4.461431403
1.62480E+00	4.915732872
1.62650E+00	7.40213344
1.62790E+00	4.389933907
1.63400E+00	3.740435944
1.63780E+00	3.777037213
1.63900E+00	4.312837614
1.64100E+00	4.027638281
1.64250E+00	4.995938782
1.64370E+00	4.106839183
1.64520E+00	3.799039684
1.64660E+00	3.376940151
1.64930E+00	3.771441053
1.65130E+00	4.814341721
1.65730E+00	7.506943724
1.66120E+00	8.802445026
1.66470E+00	7.293346195
1.66740E+00	6.152147097
1.67130E+00	6.402548399
1.67800E+00	5.516050636
1.68010E+00	6.874551337
1.68500E+00	7.614852974
1.68930E+00	6.966054409
1.69170E+00	5.649055211
1.69480E+00	9.729256246
1.69750E+00	9.623657147
1.69940E+00	10.30555778
1.70160E+00	6.051358516
1.71280E+00	6.062162256
1.71460E+00	7.454262857
1.71680E+00	4.491163592
1.71780E+00	4.558063926
1.72000E+00	7.81696466
1.72500E+00	6.98096633
1.72690E+00	7.221366964
1.72910E+00	6.457567699
1.74120E+00	10.19757174
1.74540E+00	10.93557314
1.74930E+00	6.746074444
1.75150E+00	5.466575179
1.75350E+00	7.877275846
1.75510E+00	11.15657638
1.76030E+00	6.375778117
1.76190E+00	6.089478651
1.76390E+00	4.825279319
1.76650E+00	6.510980187
1.76980E+00	4.947381289
1.77670E+00	4.311283593
1.77900E+00	5.691684361
1.78030E+00	7.724784795
1.78300E+00	4.955985697
1.78660E+00	4.008386899
1.78830E+00	4.179587467
1.79030E+00	6.854688134
1.79630E+00	3.341690138
1.79730E+00	3.011990472
1.79830E+00	4.080890806
1.80030E+00	6.949291474
1.80300E+00	6.888292375
1.80470E+00	6.890092943
1.80640E+00	5.71499351
1.81080E+00	5.42339498
1.81290E+00	6.876995681
1.81830E+00	5.524697484
1.82070E+00	5.010098285
1.82210E+00	4.589498753
1.82480E+00	7.419999654
1.83070E+00	5.026201624
1.83620E+00	4.117103461
1.83870E+00	5.141304296
1.84320E+00	3.934205798
1.84840E+00	4.825707535
1.85020E+00	4.215408136
1.85330E+00	4.602709171
1.85580E+00	3.713010006
1.85650E+00	3.738410239
1.85790E+00	5.523710707
1.86390E+00	4.71181271
1.86680E+00	6.037513679
1.86930E+00	3.932314513
1.87210E+00	5.283215448
1.87430E+00	4.018316183
1.88180E+00	4.048118687
1.88580E+00	4.396720023
1.88870E+00	4.786220991
1.89300E+00	4.667222427
1.89520E+00	4.962623162
1.89850E+00	4.274324264
1.90320E+00	5.503425833
1.90540E+00	6.958226568
1.90800E+00	6.212127436
1.91570E+00	6.638630007
1.91760E+00	6.558430641
1.91940E+00	8.002731242
1.92280E+00	6.361732378
1.92500E+00	7.096433112
1.92760E+00	5.53833398
1.93100E+00	5.401135116
1.93660E+00	5.441136986
1.93920E+00	6.892237854
1.94110E+00	4.802438488
1.94340E+00	5.054639256
1.94560E+00	4.805839991
1.94790E+00	3.504340759
1.95100E+00	7.669041794
1.95480E+00	7.923343063
1.95670E+00	6.959343697
1.95860E+00	5.948344332
1.96200E+00	7.834545467
1.96470E+00	5.035846369
1.96740E+00	4.63644727
1.96970E+00	5.319148038
1.97200E+00	4.206348806
1.97470E+00	6.759749708
1.97940E+00	5.357951277
1.98910E+00	5.063854516
1.99340E+00	3.900755952
1.99500E+00	4.213156486
1.99970E+00	7.555258055
2.00000E+00	7.363133156
2.00450E+00	4.481260327
2.00640E+00	3.966661244
2.00880E+00	7.235062402
2.01240E+00	5.72516414
2.01560E+00	6.035465684
2.01760E+00	5.956966649
2.01920E+00	5.232867421
2.02120E+00	5.538768386
2.02480E+00	5.186770123
2.02720E+00	6.121471282
2.02960E+00	3.45187244
2.03120E+00	4.517073212
2.03330E+00	6.507174225
2.03810E+00	7.666176542
2.04420E+00	7.530179486
2.04950E+00	8.988382043
2.05240E+00	4.344983443
2.05690E+00	6.033085614
2.05940E+00	7.292986821
2.06180E+00	9.552787979
2.06430E+00	9.863389185
2.06760E+00	6.809190778
2.07010E+00	5.490191984
2.07260E+00	6.298693191
2.07510E+00	6.857394397
2.07800E+00	6.667895797
2.08140E+00	7.211997437
2.08310E+00	7.176798258
2.08560E+00	5.357899464
2.09150E+00	4.669202311
2.09360E+00	4.428403325
2.09650E+00	6.156604724
2.09910E+00	4.939905979
2.10160E+00	6.227007185
2.10380E+00	5.119908247
2.10720E+00	8.905009888
2.11060E+00	6.809411529
2.11660E+00	6.780714424
2.12040E+00	5.936416258
2.12260E+00	6.91001732
2.12910E+00	4.797620456
2.13170E+00	7.364321711
2.13820E+00	5.413424848
2.14130E+00	6.185726344
2.14350E+00	7.300227405
2.14610E+00	5.84812866
2.14960E+00	5.171430349
2.15180E+00	7.156231411
2.15530E+00	5.4782331
2.15800E+00	6.795334403
2.16060E+00	9.536335658
2.16420E+00	5.756537395
2.16910E+00	5.105239759
2.17490E+00	6.596342558
2.18290E+00	6.210046419
2.18790E+00	6.874748832
2.19060E+00	8.790250135
2.19470E+00	7.560052113
2.19690E+00	4.918753175
2.20190E+00	5.290555588
2.21060E+00	7.618459786
2.21290E+00	8.528760896
2.21570E+00	5.007862248
2.21840E+00	5.714163551
2.22120E+00	5.873564902
2.22630E+00	4.803367363
2.23050E+00	6.62786939
2.23330E+00	6.261270741
2.23610E+00	7.272072092
2.23930E+00	5.931173636
2.24310E+00	8.09447547
2.24640E+00	5.619177063
2.24820E+00	5.539877931
2.25340E+00	6.533080441
2.25530E+00	5.396781358
2.26520E+00	7.271886135
2.27190E+00	6.775889368
2.27960E+00	8.918493084
2.28200E+00	6.840294243
2.28920E+00	6.548897717
2.29600E+00	7.362400999
2.30280E+00	8.44190428
2.30720E+00	7.883606403
2.31010E+00	8.310407803
2.31160E+00	6.638408527
2.31310E+00	7.574009251
2.31600E+00	10.68481065
2.31900E+00	8.844712098
2.32140E+00	5.981213256
2.32390E+00	6.451014463
2.33430E+00	7.766119481
2.33930E+00	9.899121894
2.34430E+00	6.647924307
2.34830E+00	7.208726237
2.35080E+00	6.879927444
2.35430E+00	8.921429133
2.35740E+00	10.00483063
2.36040E+00	9.105932077
2.36190E+00	6.7251328
2.36650E+00	5.64993502
2.37100E+00	5.174937192
2.37610E+00	6.287239653
2.37870E+00	7.331340908
2.38070E+00	10.47784187
2.38230E+00	9.687442645
2.38480E+00	5.645643851
2.38640E+00	6.151444624
2.39100E+00	11.30384684
2.39460E+00	6.503548581
2.39720E+00	6.454749835
2.40240E+00	6.655252345
2.40760E+00	8.990554854
2.41340E+00	9.258957653
2.41750E+00	6.675359632
2.41860E+00	5.587860163
2.42280E+00	7.085562189
2.42590E+00	7.900663685
2.42860E+00	8.030864988
2.43120E+00	5.875266243
2.44020E+00	11.35487059
2.44500E+00	7.128572903
2.44930E+00	4.928974978
2.45680E+00	5.298278597
2.46000E+00	4.854480141
2.46490E+00	6.321782506
2.46760E+00	8.083483809
2.47140E+00	6.921385643
2.47570E+00	8.167887718
2.47840E+00	5.726889021
2.48120E+00	5.649590372
2.48330E+00	4.349891385
2.49320E+00	9.889396163
2.49540E+00	9.264397225
2.49810E+00	5.862398528
2.50000E+00	6.581117626
2.50030E+00	6.69459964
2.50260E+00	9.165401136
2.50530E+00	8.397402892
2.50860E+00	9.636905039
2.51470E+00	6.832609007
2.52090E+00	5.982713041
2.52480E+00	7.274115578
2.52700E+00	6.321017009
2.52930E+00	6.781218505
2.53550E+00	8.892522539
2.53880E+00	6.913524685
2.54450E+00	10.23292839
2.54900E+00	5.436431321
2.55300E+00	7.299033923
2.55580E+00	6.143635745
2.55930E+00	7.518538021
2.56160E+00	8.018239518
2.56500E+00	6.030941729
2.56960E+00	7.456844722
2.57420E+00	4.796347714
2.57710E+00	5.426949601
2.58340E+00	7.076353699
2.59390E+00	4.80466053
2.59560E+00	6.019461636
2.59800E+00	8.534863197
2.60380E+00	7.43186697
2.60910E+00	8.899870418
2.61500E+00	8.894574256
2.61850E+00	6.845776533
2.62680E+00	8.570881933
2.62770E+00	8.267882518
2.62980E+00	7.561535525
2.63520E+00	9.215186114
2.64530E+00	8.088769623
2.64830E+00	6.254931061
2.65070E+00	6.186720212
2.65500E+00	8.291371607
2.65800E+00	6.719833045
2.66280E+00	10.15811135
2.67010E+00	9.30902418
2.67250E+00	5.57791333
2.67440E+00	5.320675575
2.67740E+00	8.042537013
2.68290E+00	8.775232983
2.68720E+00	6.199684378
2.69220E+00	8.578753442
2.70000E+00	5.670093182
2.70140E+00	5.148035052
2.70510E+00	7.08447428
2.70950E+00	5.688634443
2.71510E+00	7.702901923
2.72140E+00	9.020390339
2.72570E+00	5.797833226
2.72950E+00	6.61088973
2.73140E+00	7.590117983
2.74210E+00	6.669266561
2.74790E+00	6.483168595
2.75230E+00	7.707028758
2.75490E+00	8.575877945
2.75800E+00	7.749613515
2.76510E+00	10.90174014
2.77020E+00	10.48072124
2.77600E+00	9.109923273
2.77990E+00	6.363597054
2.78700E+00	8.907523681
2.79350E+00	6.422146649
2.80000E+00	6.653369618
2.80460E+00	6.816874454
2.80920E+00	6.184579291
2.81710E+00	6.998259337
2.81910E+00	5.845804918
2.82440E+00	6.700425708
2.82570E+00	6.632155336
2.83040E+00	6.253762451
2.83300E+00	7.187121707
2.83770E+00	5.267028823
2.84300E+00	8.011849613
2.84570E+00	5.933111147
2.85380E+00	8.151895751
2.85710E+00	10.72007096
2.86590E+00	6.942871517
2.87410E+00	6.4378584
2.87880E+00	6.975065515
2.88560E+00	5.955820491
2.89250E+00	7.699277746
2.89590E+00	9.575455234
2.90000E+00	8.643948676
2.90970E+00	6.440375244
2.91600E+00	9.877953325
2.92080E+00	6.12847472
2.92500E+00	8.15119344
2.92850E+00	6.707025707
2.93900E+00	8.481622508
2.94330E+00	10.31482501
2.94890E+00	7.479916635
2.95460E+00	9.662392041
2.96240E+00	8.944026808
2.96810E+00	7.048202214
2.97380E+00	8.40577762
2.98460E+00	8.428325758
2.99100E+00	9.143487618
2.99460E+00	6.661003664
3.00000E+00	7.827227733
3.00330E+00	8.539837399
3.01130E+00	8.759336587
3.01720E+00	9.888965989
3.02670E+00	6.393815025
3.03410E+00	8.407394275
3.03700E+00	8.556023981
3.04590E+00	7.539253078
3.05560E+00	7.689042094
3.05780E+00	8.282981871
3.06530E+00	8.53673111
3.06750E+00	7.618570887
3.07580E+00	8.711580046
3.08410E+00	6.527089204
3.08790E+00	7.264848818
3.09320E+00	6.958158281
3.09620E+00	8.074857977
3.10000E+00	6.815817591
3.10770E+00	7.62952911
3.11230E+00	7.218284044
3.12300E+00	8.881292258
3.12920E+00	8.81620543
3.13920E+00	8.162594415
3.14780E+00	6.805044943
3.15250E+00	7.935759766
3.16110E+00	7.954510294
3.16420E+00	6.58856688
3.16970E+00	8.573160822
3.17370E+00	7.000256416
3.17840E+00	7.19037124
3.18550E+00	7.20162342
3.19670E+00	7.421531084
3.20000E+00	7.570307449
3.21030E+00	8.034753504
3.21350E+00	7.99447558
3.21351E+00	7.994336899
3.21670E+00	7.953833891
3.22080E+00	8.002089233
3.23290E+00	8.267469633
3.24100E+00	8.799937504
3.24510E+00	7.518992846
3.25080E+00	9.1664332
3.25900E+00	9.619943885
3.27140E+00	7.785752724
3.27220E+00	7.07059523
3.27960E+00	9.464063409
3.28630E+00	8.260031895
3.29040E+00	8.529687237
3.29630E+00	11.00231322
3.30000E+00	9.741197307
3.30460E+00	8.17295044
3.31300E+00	10.73140399
3.32150E+00	7.633239126
3.32400E+00	8.092478873
3.33160E+00	8.004779702
3.33760E+00	8.091375093
3.34350E+00	8.942388895
3.34780E+00	8.008397259
3.36070E+00	9.16122235
3.36330E+00	8.336543687
3.37710E+00	9.099503087
3.38310E+00	8.058198478
3.38580E+00	7.902101405
3.39010E+00	7.156909769
3.39710E+00	7.757921059
3.40000E+00	7.811187164
3.40320E+00	7.86977084
3.41020E+00	7.05031013
3.41900E+00	7.568565237
3.42520E+00	7.908908609
3.42790E+00	6.292182335
3.43230E+00	6.419109889
3.43680E+00	8.444299432
3.44300E+00	8.310142803
3.44830E+00	6.406628266
3.45910E+00	8.64072317
3.46540E+00	8.734628531
3.46990E+00	7.378518075
3.47530E+00	7.432865527
3.48800E+00	9.353138239
3.49190E+00	8.349655844
3.49710E+00	7.011559316
3.50000E+00	6.899417022
3.50350E+00	6.764254749
3.51550E+00	7.951226956
3.52560E+00	8.317724397
3.53390E+00	7.622051007
3.53670E+00	8.685561188
3.54320E+00	8.032916967
3.55540E+00	6.275597044
3.56000E+00	8.419578057
3.56570E+00	7.677702355
3.57040E+00	7.999187303
3.57700E+00	7.441747017
3.57980E+00	7.903957198
3.58640E+00	7.104316912
3.59400E+00	8.466815977
3.59880E+00	7.667404859
3.60000E+00	7.68475208
3.61700E+00	7.92980664
3.62270E+00	6.569686698
3.62850E+00	8.322652371
3.63430E+00	6.783818045
3.64210E+00	9.009196019
3.64690E+00	7.317405542
3.66060E+00	7.659634805
3.67040E+00	8.271425081
3.67630E+00	7.467576369
3.69800E+00	8.134454837
3.70000E+00	8.023267138
3.70900E+00	7.523180693
3.71500E+00	8.047556396
3.72100E+00	7.4552321
3.72500E+00	8.334215902
3.72600E+00	7.951361853
3.72900E+00	6.802710651
3.74510E+00	8.894629198
3.75830E+00	7.736823908
3.76340E+00	8.059396864
3.76650E+00	6.965270621
3.77980E+00	9.154990291
3.78800E+00	8.322537005
3.79520E+00	8.439034119
3.80000E+00	8.285232196
3.80970E+00	7.974183866
3.82850E+00	7.109701537
3.83470E+00	7.964820131
3.84840E+00	8.119509604
3.85470E+00	6.911909142
3.86960E+00	8.085869956
3.88020E+00	7.904350132
3.88560E+00	6.675521165
3.89310E+00	7.509292044
3.90000E+00	8.560177253
3.90060E+00	8.651518704
3.91680E+00	7.892437863
3.92110E+00	7.058751591
3.92760E+00	7.574483969
3.93630E+00	7.861834999
3.93900E+00	7.989671526
3.93901E+00	7.990234885
3.94730E+00	8.382701184
3.95820E+00	7.792806787
3.96510E+00	7.779241527
3.96514E+00	7.779131818
3.98020E+00	7.749446097
3.98021E+00	7.749410745
4.00000E+00	7.710362311
4.00150E+00	7.707431222
4.01740E+00	8.087441671
4.02840E+00	8.350433535
4.03520E+00	7.559846688
4.04880E+00	8.634872992
4.05910E+00	7.355401738
4.08780E+00	8.182189601
4.08900E+00	7.534897805
4.09580E+00	8.200210957
4.09710E+00	8.327357654
4.10000E+00	7.563215669
4.10050E+00	7.431718276
4.11450E+00	8.151591266
4.12500E+00	8.390546008
4.12970E+00	8.354070512
4.14500E+00	8.44985028
4.15200E+00	8.300586775
4.15910E+00	7.537423791
4.17340E+00	8.257398346
4.17580E+00	7.637010858
4.20000E+00	7.658137027
4.20450E+00	7.662226008
4.20570E+00	6.886109736
4.22140E+00	7.882980181
4.23140E+00	7.814577917
4.23142E+00	7.814420438
4.24820E+00	7.699550113
4.25680E+00	7.476800166
4.26050E+00	7.059633329
4.27280E+00	7.810316544
4.27890E+00	7.131817163
4.29130E+00	8.430782356
4.30000E+00	7.529714386
4.30130E+00	7.395091362
4.30880E+00	7.222473913
4.31380E+00	7.938962281
4.34400E+00	8.115912024
4.38220E+00	8.339682406
4.40000E+00	7.879271746
4.40010E+00	7.876624523
4.40530E+00	8.162268946
4.40660E+00	7.307755051
4.41830E+00	7.983130002
4.43000E+00	7.931104954
4.44650E+00	7.855113218
4.45150E+00	7.832048815
4.46530E+00	7.768543143
4.48380E+00	8.105577568
4.48920E+00	7.437344914
4.50000E+00	7.411279605
4.51180E+00	7.382493883
4.52520E+00	6.755813486
4.53600E+00	7.437499435
4.54550E+00	7.693768557
4.56590E+00	7.69678646
4.57950E+00	7.584731729
4.58640E+00	7.847367196
4.59880E+00	7.842958471
4.60000E+00	7.851012465
4.62370E+00	8.011120407
4.65580E+00	7.174522304
4.66280E+00	7.683200599
4.69670E+00	8.0938512
4.69820E+00	7.36702512
4.70000E+00	7.634173825
4.70240E+00	7.990853922
4.72100E+00	7.76697467
4.72680E+00	7.223868237
4.76580E+00	8.068869808
4.76720E+00	7.373716531
4.77300E+00	7.883110098
4.79500E+00	7.930144317
4.80000E+00	7.962211185
4.82000E+00	8.090202657
4.83630E+00	7.454719706
4.86770E+00	7.843878317
4.88570E+00	7.299810642
4.89940E+00	7.5283808
4.90000E+00	7.557068544
4.91450E+00	8.250852462
4.92830E+00	7.432233017
4.95280E+00	7.87585067
4.96360E+00	7.534031105
4.99310E+00	7.388415626
5.00000E+00	7.418305904
5.07680E+00	7.751759653
5.12510E+00	7.474043846
5.29290E+00	7.347421437
5.45310E+00	7.283667146
5.50000E+00	7.209640203
5.56880E+00	7.101174331
5.87690E+00	6.797600562
6.00000E+00	6.643654502
6.11300E+00	6.502345169
6.39990E+00	6.300196028
6.40190E+00	6.298788786
6.50000E+00	6.260643562
6.75465E+00	6.106200019
7.00000E+00	5.957393485
7.20885E+00	5.871366745
7.41180E+00	5.787773674
7.50000E+00	5.75369172
7.60000E+00	5.715383622
7.70000E+00	5.677872976
7.80000E+00	5.641166384
7.90000E+00	5.60519785
8.00000E+00	5.569936378
8.20000E+00	5.515005001
8.35189E+00	5.47420854
8.50000E+00	5.434428095
8.75501E+00	5.367238844
9.00000E+00	5.302690324
9.25474E+00	5.308248516
9.50000E+00	5.313600735
9.71834E+00	5.275052207
9.93000E+00	5.237683497
1.00000E+01	5.227727553
1.01137E+01	5.227463501
1.02212E+01	5.227214586
1.03231E+01	5.226979051
1.04200E+01	5.226755566
1.05000E+01	5.211714443
1.06104E+01	5.207219438
1.07151E+01	5.202955741
1.08148E+01	5.198898068
1.09100E+01	5.195026025
1.10000E+01	5.190262747
1.11072E+01	5.196583771
1.12092E+01	5.202604717
1.13067E+01	5.208356206
1.14000E+01	5.213862973
1.15000E+01	5.219966625
1.16012E+01	5.230940386
1.16980E+01	5.241441053
1.17908E+01	5.251513047
1.18800E+01	5.261192119
1.20000E+01	5.24746822
1.21851E+01	5.254922467
1.23600E+01	5.261976825
1.25000E+01	5.292634397
1.26322E+01	5.326174894
1.27594E+01	5.358431797
1.28818E+01	5.389511532
1.30000E+01	5.419505326
1.31320E+01	5.429589553
1.32590E+01	5.439311007
1.33816E+01	5.448700117
1.35000E+01	5.457782761
1.36317E+01	5.468831919
1.37587E+01	5.479503394
1.38814E+01	5.48982637
1.40000E+01	5.4998284
1.41784E+01	5.517873509
1.43415E+01	5.534445128
1.45000E+01	5.550569218
1.47554E+01	5.577933129
1.50000E+01	5.6042022
1.52619E+01	5.63298601
1.55155E+01	5.660947344
1.57613E+01	5.688159791
1.60000E+01	5.71468842
1.62614E+01	5.732327766
1.65113E+01	5.749334774
1.67607E+01	5.766474988
1.70000E+01	5.783081584
1.72607E+01	5.800651273
1.75106E+01	5.817723439
1.77601E+01	5.83502593
1.80000E+01	5.85192651
1.82620E+01	5.855895436
1.85156E+01	5.860256417
1.87614E+01	5.865038619
1.90000E+01	5.870271248
1.92614E+01	5.873510591
1.95148E+01	5.877505314
1.97609E+01	5.882293002
2.00000E+01	5.887912821