E(MeV)	mcnp/Sm-150:1
9.999999E-12	5312.047363
1.154358E-11	4944.536133
1.308715E-11	4644.115234
1.617431E-11	4178.044922
1.926146E-11	3829.142822
2.234862E-11	3555.335938
2.543578E-11	3333.059814
2.852293E-11	3147.949219
3.469725E-11	2854.92041
4.087156E-11	2631.142578
4.704588E-11	2453.047852
5.322018E-11	2306.953857
5.939450E-11	2184.301758
7.174312E-11	1988.422241
8.409175E-11	1837.511841
9.644038E-11	1716.643677
1.087890E-10	1617.018799
1.334862E-10	1461.067993
1.581835E-10	1343.293823
1.828808E-10	1250.297485
2.075781E-10	1174.456665
2.569726E-10	1057.076538
3.063672E-10	969.4089966
3.557617E-10	900.7252197
4.051563E-10	845.0368652
5.039453E-10	759.3726807
6.027344E-10	695.7711182
7.015233E-10	646.1427002
8.003125E-10	606.0216675
9.978910E-10	544.4916992
1.195469E-09	498.9484253
1.393047E-09	463.4902649
1.590625E-09	434.8735352
1.985782E-09	391.0635986
2.380938E-09	358.6895142
2.776094E-09	333.5113525
3.171250E-09	313.2023315
3.961563E-09	282.1117859
4.751875E-09	259.1398315
5.542187E-09	241.2993317
6.332500E-09	226.9305115
7.913124E-09	204.9139709
9.493750E-09	188.6002502
1.107438E-08	175.9518738
1.265500E-08	165.8061676
1.581625E-08	150.2292175
1.897750E-08	138.6302185
2.213875E-08	129.6312714
2.530000E-08	122.4198914
3.032203E-08	113.3519897
3.534406E-08	106.2440643
4.036609E-08	100.5169601
4.538812E-08	95.82048035
5.543218E-08	88.35703278
6.547626E-08	82.61042023
7.552032E-08	78.05065155
8.556436E-08	74.36025238
1.056525E-07	68.56395721
1.257406E-07	64.15002441
1.458288E-07	60.66769028
1.659169E-07	57.82397079
1.860050E-07	55.46279144
2.261813E-07	51.66771698
2.663575E-07	48.70700073
3.065338E-07	46.31901932
3.467100E-07	44.34570313
4.270625E-07	41.1973877
5.074150E-07	38.75041199
5.877675E-07	36.77153015
6.681200E-07	35.12123108
7.886487E-07	33.06362915
8.288249E-07	32.46562195
9.895300E-07	30.39247894
1.150235E-06	28.68383026
1.310940E-06	27.24032021
1.632350E-06	24.87880707
1.953760E-06	23.00197411
2.275170E-06	21.43789291
2.596580E-06	20.10409164
3.078695E-06	18.4118309
3.239400E-06	17.91259003
3.721514E-06	16.56973648
4.525040E-06	14.72404289
5.167860E-06	13.50161552
5.971385E-06	12.20535278
6.453500E-06	11.52526474
7.417730E-06	10.3353405
7.739141E-06	9.980678558
8.703370E-06	9.020715714
9.024780E-06	8.730649948
9.989009E-06	7.938380718
1.031042E-05	7.697863579
1.127465E-05	7.043466091
1.223888E-05	6.488456726
1.288170E-05	6.18229866
1.352452E-05	5.942041397
1.416735E-05	5.789264679
1.448876E-05	5.757551193
1.481017E-05	5.767158985
1.513158E-05	5.827728748
1.545299E-05	5.954024792
1.577440E-05	6.166563988
1.609581E-05	6.494322777
1.641722E-05	6.97321701
1.657792E-05	7.286567688
1.673863E-05	7.665331841
1.681898E-05	7.881682873
1.689933E-05	8.119848251
1.697968E-05	8.38092804
1.701986E-05	8.52073288
1.706004E-05	8.667208672
1.710022E-05	8.820714951
1.714040E-05	8.981542587
1.718058E-05	9.150036812
1.722075E-05	9.326517105
1.724084E-05	9.417939186
1.726093E-05	9.511516571
1.730110E-05	9.705430984
1.732119E-05	9.805922508
1.736136E-05	10.01417351
1.738145E-05	10.12210083
1.742163E-05	10.34592438
1.744172E-05	10.46191216
1.748190E-05	10.70248795
1.750198E-05	10.82718182
1.754216E-05	11.08600616
1.756225E-05	11.22024727
1.760242E-05	11.49882507
1.762251E-05	11.64341354
1.764260E-05	11.79164124
1.766269E-05	11.94364071
1.768277E-05	12.09945488
1.770286E-05	12.25934696
1.772295E-05	12.42334652
1.774303E-05	12.59150696
1.776312E-05	12.76412869
1.778321E-05	12.94122219
1.782339E-05	13.3093729
1.786356E-05	13.69708443
1.790374E-05	14.10566998
1.794391E-05	14.53636074
1.798409E-05	14.99079037
1.802427E-05	15.47047806
1.806445E-05	15.97711945
1.810462E-05	16.51243973
1.814479E-05	17.07853508
1.818497E-05	17.67775345
1.822515E-05	18.31229782
1.826533E-05	18.9847374
1.830550E-05	19.69768715
1.834568E-05	20.45464325
1.838585E-05	21.25854683
1.842603E-05	22.11353683
1.846621E-05	23.02399826
1.850639E-05	23.99456978
1.854657E-05	25.03055763
1.858674E-05	26.13681221
1.866709E-05	28.58224487
1.874744E-05	31.3822403
1.882780E-05	34.60713196
1.890815E-05	38.34191895
1.898850E-05	42.68869019
1.906885E-05	47.77619934
1.910902E-05	50.65285873
1.914920E-05	53.78976059
1.918938E-05	57.2175293
1.922956E-05	60.97057343
1.926974E-05	65.08810425
1.930991E-05	69.61504364
1.935009E-05	74.60673523
1.939026E-05	80.12457275
1.943044E-05	86.24538422
1.947062E-05	93.05561829
1.951080E-05	100.6596756
1.955097E-05	109.1815414
1.959114E-05	118.7709732
1.963132E-05	129.614624
1.967150E-05	141.9316711
1.971168E-05	155.9972229
1.975185E-05	172.1461182
1.979203E-05	190.8164368
1.983220E-05	212.539505
1.987238E-05	238.0294189
1.991256E-05	268.1847229
1.995273E-05	304.194397
1.999290E-05	347.6663208
2.003308E-05	400.8269043
2.005317E-05	431.967804
2.007325E-05	466.7794189
2.009334E-05	505.9207153
2.011343E-05	550.1453857
2.013352E-05	600.3823853
2.015361E-05	657.8306885
2.017369E-05	723.9520874
2.019378E-05	800.713501
2.021387E-05	890.5982666
2.023396E-05	996.9592896
2.025405E-05	1124.295898
2.027414E-05	1278.86084
2.029423E-05	1469.29126
2.031432E-05	1707.890381
2.032436E-05	1850.297607
2.033440E-05	2011.687622
2.034444E-05	2195.202637
2.035449E-05	2404.721436
2.036454E-05	2644.511963
2.037458E-05	2919.204102
2.038462E-05	3234.486084
2.039466E-05	3596.491211
2.040471E-05	4012.387207
2.041475E-05	4488.588867
2.042479E-05	5032.782227
2.043484E-05	5653.12207
2.044489E-05	6356.49707
2.045493E-05	7148.274414
2.046497E-05	8034.818848
2.047501E-05	9019.486328
2.048505E-05	10103.64453
2.049510E-05	11287.17188
2.050515E-05	12564.5625
2.052523E-05	15357.42969
2.057546E-05	22857.51953
2.059555E-05	25475.25977
2.060917E-05	26921.58984
2.062959E-05	28416.37109
2.065000E-05	28956.96094
2.066362E-05	28751.55078
2.067043E-05	28481.23047
2.069084E-05	27051.67969
2.069765E-05	26389.26953
2.071782E-05	23998.19922
2.073786E-05	21185.46094
2.077127E-05	16213.60352
2.079800E-05	12532.45801
2.081137E-05	10901.35547
2.082474E-05	9436.09375
2.083810E-05	8142.840332
2.085147E-05	7016.923828
2.086483E-05	6050.14502
2.087819E-05	5227.628906
2.089156E-05	4532.709961
2.090492E-05	3949.677246
2.091829E-05	3461.405029
2.093166E-05	3052.687988
2.094502E-05	2710.628906
2.095839E-05	2422.931152
2.097175E-05	2179.99707
2.098512E-05	1973.523438
2.099848E-05	1797.040771
2.101184E-05	1644.936401
2.102521E-05	1512.862061
2.103858E-05	1397.432373
2.105194E-05	1295.943115
2.107867E-05	1125.964355
2.110540E-05	989.7408447
2.113213E-05	878.4970093
2.115886E-05	786.2519531
2.118559E-05	708.7463989
2.121231E-05	642.9493408
2.123904E-05	586.5147705
2.126577E-05	537.7059326
2.129250E-05	495.1669312
2.131923E-05	457.8358765
2.134596E-05	424.8587036
2.139942E-05	369.3922119
2.145288E-05	324.7554932
2.150634E-05	288.2616882
2.155980E-05	258.0260925
2.161326E-05	232.6765137
2.166672E-05	211.1990662
2.172018E-05	192.8247681
2.177364E-05	176.9743042
2.182710E-05	163.1993713
2.188056E-05	151.1522827
2.193402E-05	140.5603943
2.198748E-05	131.1934509
2.209440E-05	115.3702087
2.220132E-05	102.5280762
2.230824E-05	91.97575378
2.241516E-05	83.20139313
2.252208E-05	75.81761932
2.262900E-05	69.53746033
2.273592E-05	64.14529419
2.284284E-05	59.47615051
2.294976E-05	55.40233612
2.305668E-05	51.82352829
2.316360E-05	48.66461182
2.327052E-05	45.87677002
2.348436E-05	41.12675095
2.369820E-05	37.23145294
2.391204E-05	34.01292419
2.412588E-05	31.31662178
2.433972E-05	29.03018379
2.455356E-05	27.07040024
2.476740E-05	25.37457657
2.498124E-05	23.89464569
2.519508E-05	22.59313583
2.540891E-05	21.44069672
2.562275E-05	20.41378975
2.583659E-05	19.50011444
2.626427E-05	17.92531395
2.669194E-05	16.61656189
2.711962E-05	15.51762295
2.754730E-05	14.58195877
2.797498E-05	13.77559376
2.840266E-05	13.07320213
2.883034E-05	12.45555401
2.925801E-05	11.90780067
2.968569E-05	11.41832161
3.011337E-05	10.97957802
3.096872E-05	10.2189312
3.182408E-05	9.57998085
3.267944E-05	9.03476429
3.353479E-05	8.561982155
3.439015E-05	8.146202087
3.524551E-05	7.77602005
3.610086E-05	7.442869663
3.695622E-05	7.140245914
3.781158E-05	6.863278866
3.866693E-05	6.608537674
3.952229E-05	6.373780727
3.994997E-05	6.263747692
4.037766E-05	6.159227371
4.080533E-05	6.060446739
4.123300E-05	5.968245506
4.166068E-05	5.883956432
4.208836E-05	5.809668064
4.251604E-05	5.748604774
4.294372E-05	5.705778122
4.337140E-05	5.687895775
4.358524E-05	5.691864967
4.379908E-05	5.70833683
4.401292E-05	5.73954916
4.422675E-05	5.789325714
4.444059E-05	5.862827301
4.465444E-05	5.967017174
4.486827E-05	6.111459732
4.508211E-05	6.309532166
4.529594E-05	6.579959869
4.550978E-05	6.946519852
4.561669E-05	7.178371906
4.572362E-05	7.45341301
4.583054E-05	7.780013084
4.593746E-05	8.168757439
4.604438E-05	8.633693695
4.615130E-05	9.193340302
4.625821E-05	9.871909142
4.636514E-05	10.70192337
4.647206E-05	11.72695351
4.657898E-05	13.00644302
4.668589E-05	14.62182045
4.679282E-05	16.69296455
4.684628E-05	17.95371819
4.689973E-05	19.40443993
4.695320E-05	21.08442307
4.700666E-05	23.04234314
4.703339E-05	24.14428711
4.706012E-05	25.34091759
4.708686E-05	26.64260483
4.711358E-05	28.06176567
4.714030E-05	29.61268234
4.716704E-05	31.31340599
4.719377E-05	33.18119431
4.721383E-05	34.70635605
4.723386E-05	36.34819412
4.724054E-05	36.92420197
4.725391E-05	38.12187958
4.727395E-05	40.03972244
4.729402E-05	42.12015533
4.731407E-05	44.37963867
4.732742E-05	45.99475479
4.734747E-05	48.60254669
4.735415E-05	49.52436066
4.736751E-05	51.45428467
4.738088E-05	53.50751877
4.739425E-05	55.69700623
4.740762E-05	58.03149414
4.742098E-05	60.52444839
4.743435E-05	63.19567871
4.744771E-05	66.0585022
4.746108E-05	69.13517761
4.747443E-05	72.44591522
4.748780E-05	76.02570343
4.750117E-05	79.89650726
4.751454E-05	84.09285736
4.752789E-05	88.65888977
4.754126E-05	93.6424942
4.755464E-05	99.10469055
4.756798E-05	105.092247
4.758135E-05	111.7073059
4.759472E-05	119.0329514
4.760808E-05	127.1715469
4.762145E-05	136.2580261
4.763482E-05	146.4456329
4.764818E-05	157.9152679
4.766154E-05	170.8681793
4.767491E-05	185.5756989
4.768828E-05	202.318924
4.770164E-05	221.4013519
4.771501E-05	243.254303
4.772837E-05	268.3032837
4.774174E-05	297.0444641
4.775510E-05	330.0000305
4.776845E-05	367.7620239
4.778183E-05	411.0822754
4.779519E-05	460.547821
4.780856E-05	516.9040527
4.782192E-05	580.8099976
4.783529E-05	653.0661011
4.784865E-05	734.1943359
4.786201E-05	824.7269287
4.787538E-05	925.2438965
4.788874E-05	1035.93457
4.790211E-05	1156.84668
4.792884E-05	1427.965454
4.794219E-05	1576.935913
4.796893E-05	1895.785889
4.802908E-05	2641.289551
4.804913E-05	2866.703125
4.806917E-05	3064.024902
4.809188E-05	3241.687012
4.812395E-05	3388.62085
4.813999E-05	3410.829346
4.814803E-05	3408.595703
4.816405E-05	3377.63916
4.819613E-05	3215.386719
4.821956E-05	3023.306641
4.824269E-05	2787.277344
4.828125E-05	2332.341064
4.832750E-05	1768.445068
4.835835E-05	1424.747681
4.837377E-05	1269.455444
4.838919E-05	1126.709961
4.840461E-05	997.0258179
4.842003E-05	880.5361328
4.843545E-05	776.7463379
4.845087E-05	685.1896973
4.846629E-05	604.9592896
4.848170E-05	535.1417847
4.849713E-05	474.607605
4.851254E-05	422.4028931
4.852797E-05	377.4666443
4.854339E-05	338.8426514
4.855882E-05	305.6292419
4.857424E-05	277.1021729
4.858965E-05	252.5284729
4.860506E-05	231.2657318
4.862048E-05	212.8117676
4.863590E-05	196.7343903
4.865133E-05	182.6374969
4.866675E-05	170.230072
4.869758E-05	149.4660034
4.872842E-05	132.8380737
4.875926E-05	119.2696381
4.879010E-05	107.9986572
4.882093E-05	98.50247955
4.885177E-05	90.40235901
4.888260E-05	83.42016602
4.891344E-05	77.34687805
4.894428E-05	72.02046204
4.900597E-05	63.14099121
4.906764E-05	56.06021118
4.912933E-05	50.30461884
4.919100E-05	45.55393219
4.925268E-05	41.58029175
4.931437E-05	38.21850967
4.937604E-05	35.34609985
4.943772E-05	32.86987305
4.949941E-05	30.71768951
4.956107E-05	28.83562088
4.962275E-05	27.17786026
4.968443E-05	25.7094593
4.980778E-05	23.2263298
4.993115E-05	21.20957184
5.005450E-05	19.54650497
5.017786E-05	18.15807343
5.030121E-05	16.98532295
5.042458E-05	15.98381805
5.054794E-05	15.12044716
5.067130E-05	14.36962318
5.079466E-05	13.71163273
5.091801E-05	13.13118839
5.104136E-05	12.61673069
5.116471E-05	12.15935707
5.141141E-05	11.37563801
5.165812E-05	10.72710514
5.190485E-05	10.18551826
5.215156E-05	9.727089882
5.239829E-05	9.334150314
5.264499E-05	8.993703842
5.289170E-05	8.695816994
5.313840E-05	8.432928085
5.338512E-05	8.199079514
5.363183E-05	7.989607334
5.387855E-05	7.800810814
5.412526E-05	7.630856037
5.461869E-05	7.33272171
5.511210E-05	7.078888416
5.560554E-05	6.86055994
5.609896E-05	6.670138359
5.659239E-05	6.502040386
5.708582E-05	6.352082729
5.757925E-05	6.217069626
5.807267E-05	6.094527245
5.856610E-05	5.982495308
5.905952E-05	5.879803658
6.004637E-05	5.696009636
6.103322E-05	5.535194397
6.202008E-05	5.392617702
6.300693E-05	5.264538288
6.399378E-05	5.148209572
6.498064E-05	5.04157877
6.596748E-05	4.943245888
6.794120E-05	4.766028404
6.991490E-05	4.609190941
7.188860E-05	4.468169212
7.386230E-05	4.339595795
7.583601E-05	4.221008301
7.780972E-05	4.110541344
7.978341E-05	4.006717682
8.175714E-05	3.908335447
8.373083E-05	3.81436944
8.570453E-05	3.723907232
8.767824E-05	3.636096478
8.965195E-05	3.550088167
9.162565E-05	3.464984655
9.359935E-05	3.379751682
9.557306E-05	3.293119669
9.754676E-05	3.203474045
9.853363E-05	3.156834364
9.952047E-05	3.108428001
1.005073E-04	3.057824612
1.014942E-04	3.004428625
1.024810E-04	2.947615623
1.029745E-04	2.91766572
1.034679E-04	2.886441231
1.039613E-04	2.853887558
1.044548E-04	2.819889545
1.049482E-04	2.784389973
1.054416E-04	2.747383356
1.059350E-04	2.709058762
1.061817E-04	2.689529181
1.064285E-04	2.669852972
1.066752E-04	2.650230169
1.069219E-04	2.630915165
1.071686E-04	2.612277746
1.074153E-04	2.594871998
1.076620E-04	2.579522371
1.079087E-04	2.567467213
1.081554E-04	2.560531139
1.084021E-04	2.561419964
1.085255E-04	2.56619072
1.086488E-04	2.574948788
1.087722E-04	2.588779688
1.088956E-04	2.609041214
1.090190E-04	2.637532473
1.091423E-04	2.676640987
1.092657E-04	2.729716063
1.093890E-04	2.801163912
1.095123E-04	2.89725399
1.096357E-04	3.026890039
1.097590E-04	3.202790976
1.098207E-04	3.314010143
1.098824E-04	3.445015907
1.099441E-04	3.600076914
1.100058E-04	3.784775257
1.100675E-04	4.006088734
1.101292E-04	4.273390293
1.101909E-04	4.598958492
1.102525E-04	4.998796463
1.103142E-04	5.498253822
1.103759E-04	6.131609917
1.104376E-04	6.954589844
1.104685E-04	7.464980125
1.104993E-04	8.061314583
1.105301E-04	8.769887924
1.105609E-04	9.625077248
1.105918E-04	10.68078041
1.106072E-04	11.30243206
1.106226E-04	12.00225258
1.106380E-04	12.79403019
1.106534E-04	13.69315338
1.106688E-04	14.71994209
1.106842E-04	15.89747238
1.106996E-04	17.25302505
1.107150E-04	18.82044029
1.107305E-04	20.64658928
1.107459E-04	22.75284767
1.107613E-04	25.20051003
1.107767E-04	28.04711342
1.107922E-04	31.38165092
1.108076E-04	35.23472595
1.108231E-04	39.7358017
1.108308E-04	42.23363876
1.108462E-04	47.81923294
1.108539E-04	50.92708206
1.108693E-04	57.84793091
1.108847E-04	65.81651306
1.108924E-04	70.23461151
1.109079E-04	80.04506683
1.109156E-04	85.43830872
1.109310E-04	97.28674316
1.109387E-04	103.7866898
1.109541E-04	118.020401
1.109772E-04	142.6930542
1.109926E-04	161.5275269
1.110080E-04	182.4143066
1.110235E-04	205.5209198
1.110389E-04	230.6731262
1.110543E-04	258.0183411
1.110697E-04	287.5489502
1.110851E-04	319.1820068
1.111160E-04	388.7223511
1.111623E-04	505.1314697
1.112085E-04	628.6958008
1.112471E-04	729.421814
1.112933E-04	835.4777222
1.113241E-04	891.2369385
1.113473E-04	922.8226929
1.113674E-04	941.9609375
1.114046E-04	955.5884399
1.114326E-04	946.6481934
1.114720E-04	907.2755737
1.115067E-04	849.8582764
1.115484E-04	759.2271118
1.116039E-04	617.9703369
1.116456E-04	508.686615
1.116871E-04	406.2029419
1.117149E-04	343.8493042
1.117287E-04	315.1967163
1.117426E-04	287.9848633
1.117704E-04	238.7329102
1.117982E-04	196.3590698
1.118260E-04	160.6085815
1.118399E-04	145.0586853
1.118537E-04	131.0627899
1.118676E-04	118.3430176
1.118815E-04	106.8994598
1.118953E-04	96.69869232
1.119092E-04	87.5218811
1.119231E-04	79.34309387
1.119370E-04	72.07231903
1.119509E-04	65.62304688
1.119648E-04	59.9131012
1.119787E-04	54.86521149
1.119926E-04	50.40744019
1.120065E-04	46.47338867
1.120204E-04	43.00232697
1.120342E-04	39.9637413
1.120481E-04	37.25556946
1.120620E-04	34.86116028
1.120759E-04	32.7431488
1.121037E-04	29.18891907
1.121314E-04	26.36734962
1.121592E-04	24.08473969
1.121870E-04	22.21522903
1.122148E-04	20.65866089
1.122426E-04	19.34375
1.122703E-04	18.21954727
1.122981E-04	17.23834991
1.123258E-04	16.3788681
1.123813E-04	14.92776299
1.124368E-04	13.74822044
1.124923E-04	12.76721573
1.125479E-04	11.93664169
1.126034E-04	11.22698021
1.126590E-04	10.6118927
1.127145E-04	10.07577801
1.127700E-04	9.60414505
1.128256E-04	9.185305595
1.128811E-04	8.812365532
1.129921E-04	8.176281929
1.131031E-04	7.654582977
1.132142E-04	7.219380856
1.133253E-04	6.852013111
1.134363E-04	6.538502693
1.135473E-04	6.268027306
1.136584E-04	6.032352924
1.137695E-04	5.825518608
1.138805E-04	5.64297533
1.139915E-04	5.480692387
1.141026E-04	5.335451126
1.143247E-04	5.086307049
1.145468E-04	4.879747868
1.147690E-04	4.706048012
1.149911E-04	4.558308601
1.152132E-04	4.431053162
1.154353E-04	4.32028389
1.156574E-04	4.222921848
1.158795E-04	4.136639595
1.161016E-04	4.059699535
1.163237E-04	3.990922213
1.167679E-04	3.871602297
1.172121E-04	3.771073818
1.176563E-04	3.685409069
1.181006E-04	3.611230612
1.185448E-04	3.546127796
1.189890E-04	3.488282442
1.194333E-04	3.436319113
1.198775E-04	3.389220238
1.203217E-04	3.346405506
1.212102E-04	3.270100355
1.220986E-04	3.203382015
1.229871E-04	3.144017458
1.238755E-04	3.090229034
1.247639E-04	3.040713072
1.256524E-04	2.994494915
1.265408E-04	2.950836182
1.274292E-04	2.909125566
1.283177E-04	2.868854046
1.292061E-04	2.829584599
1.300945E-04	2.790899277
1.309830E-04	2.752387524
1.318715E-04	2.713627338
1.327599E-04	2.674203634
1.332041E-04	2.654091597
1.336483E-04	2.633602619
1.340926E-04	2.612697124
1.345368E-04	2.591349363
1.349810E-04	2.569561958
1.354253E-04	2.547424793
1.356474E-04	2.536301374
1.358695E-04	2.525215626
1.360916E-04	2.514271259
1.363137E-04	2.503622532
1.365358E-04	2.493504286
1.367579E-04	2.484277248
1.369800E-04	2.476495266
1.372021E-04	2.471001863
1.374242E-04	2.469159365
1.375352E-04	2.470302105
1.376463E-04	2.473381996
1.377574E-04	2.478981972
1.378684E-04	2.48786068
1.379794E-04	2.501071215
1.380905E-04	2.520088434
1.382016E-04	2.54696393
1.383126E-04	2.584651709
1.384236E-04	2.637668848
1.384792E-04	2.672059059
1.385347E-04	2.713163614
1.385902E-04	2.762652397
1.386458E-04	2.822743893
1.387013E-04	2.896110058
1.387568E-04	2.986929893
1.388123E-04	3.101100922
1.388679E-04	3.248433113
1.389234E-04	3.444386005
1.389511E-04	3.568646908
1.389789E-04	3.717833996
1.390067E-04	3.899025917
1.390345E-04	4.122231007
1.390623E-04	4.401573181
1.390900E-04	4.753925323
1.391178E-04	5.206630707
1.391455E-04	5.788626194
1.391732E-04	6.544115067
1.391871E-04	7.004743099
1.392010E-04	7.530290127
1.392149E-04	8.129705429
1.392288E-04	8.812914848
1.392427E-04	9.589724541
1.392566E-04	10.47423744
1.392705E-04	11.47704792
1.392844E-04	12.61500835
1.392982E-04	13.89079475
1.393121E-04	15.34152222
1.393260E-04	16.97199821
1.393398E-04	18.78864861
1.393537E-04	20.83781052
1.393676E-04	23.1210537
1.393815E-04	25.6638813
1.393954E-04	28.47859001
1.394093E-04	31.58739853
1.394232E-04	35.01347733
1.394371E-04	38.76473618
1.394510E-04	42.86145782
1.394787E-04	52.11036682
1.395064E-04	62.85640717
1.395342E-04	75.18636322
1.395620E-04	89.01867676
1.395898E-04	104.2319107
1.396245E-04	124.8178101
1.396730E-04	155.4242859
1.397112E-04	179.6129303
1.397494E-04	202.3748322
1.397876E-04	222.177536
1.398258E-04	237.6342773
1.398639E-04	247.5213165
1.399041E-04	251.1400757
1.399286E-04	249.7637329
1.399559E-04	245.0973511
1.399793E-04	238.6177216
1.400074E-04	228.0959473
1.400541E-04	205.2417297
1.401102E-04	172.0744019
1.401942E-04	120.2112885
1.402129E-04	109.4127502
1.402503E-04	89.38468933
1.402690E-04	80.28656006
1.402877E-04	71.82661438
1.403063E-04	64.09503937
1.403250E-04	56.99777222
1.403437E-04	50.56042099
1.403624E-04	44.77584076
1.403810E-04	39.63311386
1.403997E-04	35.03976822
1.404184E-04	30.9929142
1.404371E-04	27.44443512
1.404557E-04	24.36448479
1.404744E-04	21.67698097
1.404931E-04	19.35296249
1.405118E-04	17.35710716
1.405305E-04	15.64340019
1.405492E-04	14.17887592
1.405679E-04	12.9271946
1.405866E-04	11.85986519
1.406053E-04	10.95005608
1.406239E-04	10.17850208
1.406426E-04	9.51577282
1.406613E-04	8.94780159
1.406800E-04	8.460457802
1.406986E-04	8.042115211
1.407173E-04	7.677192688
1.407360E-04	7.359817505
1.407547E-04	7.080980301
1.407921E-04	6.616876602
1.408295E-04	6.245960236
1.408669E-04	5.941989899
1.409042E-04	5.687571049
1.409415E-04	5.469865799
1.409789E-04	5.280258179
1.410162E-04	5.113711357
1.410536E-04	4.965335846
1.411284E-04	4.712400913
1.412032E-04	4.504461288
1.412779E-04	4.330539703
1.413526E-04	4.182733536
1.414274E-04	4.055521488
1.415021E-04	3.945243359
1.415768E-04	3.848642111
1.416516E-04	3.763255119
1.417263E-04	3.687433481
1.418758E-04	3.558376789
1.420253E-04	3.452625751
1.421747E-04	3.364427567
1.423242E-04	3.289669037
1.424737E-04	3.225538254
1.426232E-04	3.169893742
1.427726E-04	3.121150255
1.429221E-04	3.07802844
1.430716E-04	3.039634943
1.432211E-04	3.005192757
1.435201E-04	2.945590496
1.438190E-04	2.895443439
1.441180E-04	2.852551699
1.444169E-04	2.815315962
1.447159E-04	2.78249383
1.450148E-04	2.753242493
1.453138E-04	2.727017164
1.459117E-04	2.680990219
1.465096E-04	2.641320944
1.471075E-04	2.606478691
1.477054E-04	2.575237513
1.483033E-04	2.546880007
1.494991E-04	2.496033907
1.506949E-04	2.450693369
1.518907E-04	2.409241915
1.530865E-04	2.37055707
1.542823E-04	2.333963633
1.566740E-04	2.265004635
1.590656E-04	2.199856758
1.638488E-04	2.076009035
1.686321E-04	1.956358671
1.734154E-04	1.837997556
1.781987E-04	1.719081044
1.829820E-04	1.598226547
1.877653E-04	1.474213123
1.925486E-04	1.345814109
1.949402E-04	1.2795192
1.973318E-04	1.21147573
1.997234E-04	1.141407847
2.021151E-04	1.068948627
2.033109E-04	1.031666398
2.045067E-04	0.99353689
2.057025E-04	0.95449847
2.068983E-04	0.914473951
2.080941E-04	0.873455048
2.086920E-04	0.852611363
2.092899E-04	0.831584692
2.098878E-04	0.810518146
2.104857E-04	0.789645612
2.110836E-04	0.769362926
2.113826E-04	0.759680867
2.116815E-04	0.750554025
2.119805E-04	0.742214203
2.122794E-04	0.735033154
2.125784E-04	0.729552388
2.128773E-04	0.726575494
2.131763E-04	0.727337182
2.133258E-04	0.729749501
2.134753E-04	0.734015465
2.136248E-04	0.740643501
2.137742E-04	0.750281811
2.139237E-04	0.763833761
2.140732E-04	0.782520413
2.142227E-04	0.808057189
2.143721E-04	0.842864037
2.145216E-04	0.890558422
2.146711E-04	0.95666194
2.147458E-04	0.999146461
2.148206E-04	1.050009966
2.148953E-04	1.111225724
2.149700E-04	1.185708761
2.150448E-04	1.277506351
2.151195E-04	1.392332911
2.151942E-04	1.539696336
2.152690E-04	1.736059308
2.153064E-04	1.861346722
2.153438E-04	2.01197052
2.153811E-04	2.196334124
2.154185E-04	2.42690134
2.154558E-04	2.719482183
2.154932E-04	3.099525213
2.155305E-04	3.596296549
2.155492E-04	3.902390003
2.155679E-04	4.256402969
2.155866E-04	4.664291859
2.156053E-04	5.13700676
2.156240E-04	5.683705807
2.156427E-04	6.314110756
2.156614E-04	7.044224739
2.156801E-04	7.884606361
2.156988E-04	8.855340004
2.157174E-04	9.962833405
2.157361E-04	11.23943615
2.157548E-04	12.70425987
2.157735E-04	14.37183666
2.158044E-04	17.64333534
2.158202E-04	19.59500504
2.158295E-04	20.84300423
2.158482E-04	23.57713127
2.158669E-04	26.65058899
2.158856E-04	30.07383347
2.159043E-04	33.8794136
2.159230E-04	38.10242462
2.159417E-04	42.74349594
2.159604E-04	47.83201218
2.159790E-04	53.35448074
2.159977E-04	59.37868881
2.160164E-04	65.901474
2.160350E-04	72.83589935
2.160630E-04	84.19488525
2.161097E-04	105.3587189
2.161658E-04	133.7884979
2.162686E-04	189.2508087
2.163153E-04	212.8246307
2.163714E-04	236.8299408
2.164274E-04	253.8567963
2.164868E-04	262.2677917
2.165264E-04	261.8211975
2.165596E-04	257.6982727
2.165901E-04	251.057724
2.166267E-04	239.7843628
2.166694E-04	222.8016052
2.167426E-04	187.0437469
2.168036E-04	154.3802185
2.168768E-04	116.3367004
2.169012E-04	104.5887909
2.169500E-04	83.14381409
2.169744E-04	73.56416321
2.169988E-04	64.76480103
2.170232E-04	56.78630066
2.170476E-04	49.58681488
2.170720E-04	43.16916275
2.170964E-04	37.48206711
2.171208E-04	32.48033524
2.171452E-04	28.10492134
2.171696E-04	24.31796837
2.171940E-04	21.05413628
2.172184E-04	18.25743866
2.172428E-04	15.86932182
2.172672E-04	13.84745026
2.172916E-04	12.13884926
2.173160E-04	10.69961357
2.173404E-04	9.490153313
2.173648E-04	8.475258827
2.173892E-04	7.624016762
2.174136E-04	6.909591675
2.174380E-04	6.30894804
2.174624E-04	5.802497864
2.174868E-04	5.37375021
2.175112E-04	5.009581089
2.175356E-04	4.697169304
2.175600E-04	4.427883148
2.175844E-04	4.194029808
2.176088E-04	3.989719152
2.176576E-04	3.648449898
2.177064E-04	3.37480402
2.177552E-04	3.14893508
2.178040E-04	2.957930088
2.178528E-04	2.793838024
2.179016E-04	2.650373936
2.179992E-04	2.410815001
2.180968E-04	2.217924595
2.181944E-04	2.059136391
2.182920E-04	1.926026344
2.183896E-04	1.813056707
2.184872E-04	1.715958118
2.185848E-04	1.631686926
2.186824E-04	1.557834864
2.187800E-04	1.492569447
2.188776E-04	1.434474945
2.190728E-04	1.33539629
2.192680E-04	1.253965497
2.194632E-04	1.185808897
2.196584E-04	1.127847672
2.198536E-04	1.077875257
2.200488E-04	1.034278274
2.202440E-04	0.995842934
2.204392E-04	0.961641312
2.208296E-04	0.902837992
2.212200E-04	0.853493273
2.216104E-04	0.811221123
2.220008E-04	0.774278939
2.223912E-04	0.741436303
2.227816E-04	0.71196568
2.235624E-04	0.659888387
2.243432E-04	0.614359021
2.251240E-04	0.573655128
2.259048E-04	0.536645293
2.274663E-04	0.47005859
2.290279E-04	0.410746992
2.305894E-04	0.357401311
2.321510E-04	0.309613198
2.337126E-04	0.267603695
2.344934E-04	0.249027103
2.352742E-04	0.232448995
2.360550E-04	0.217978984
2.368358E-04	0.205883995
2.376166E-04	0.196386874
2.380070E-04	0.192726552
2.383974E-04	0.189950794
2.387878E-04	0.188063905
2.391782E-04	0.187119201
2.395686E-04	0.187185958
2.399590E-04	0.188333318
2.403494E-04	0.190621227
2.405446E-04	0.192226291
2.407398E-04	0.194164515
2.409350E-04	0.196450248
2.411302E-04	0.199095473
2.413254E-04	0.202116415
2.415206E-04	0.20552747
2.419110E-04	0.213538945
2.423014E-04	0.223220125
2.426918E-04	0.234735876
2.430822E-04	0.248239309
2.434726E-04	0.263900042
2.438630E-04	0.281897664
2.442534E-04	0.302428305
2.446438E-04	0.325712025
2.450342E-04	0.351988256
2.454246E-04	0.381521314
2.458150E-04	0.414602995
2.462054E-04	0.451550812
2.465958E-04	0.492729902
2.469862E-04	0.538526297
2.473766E-04	0.589382768
2.477670E-04	0.645786285
2.481574E-04	0.708280921
2.485478E-04	0.777473509
2.489382E-04	0.854041338
2.493286E-04	0.938746095
2.497190E-04	1.032444835
2.501094E-04	1.136103868
2.504998E-04	1.250794649
2.508902E-04	1.377772093
2.512806E-04	1.518418312
2.516710E-04	1.674352884
2.520614E-04	1.847330809
2.524518E-04	2.039517403
2.528421E-04	2.253183842
2.532325E-04	2.491218328
2.536229E-04	2.756788254
2.540133E-04	3.053593159
2.544037E-04	3.385925293
2.547941E-04	3.758939505
2.551845E-04	4.178572655
2.555749E-04	4.651981354
2.559653E-04	5.187486172
2.563557E-04	5.795308113
2.567461E-04	6.487545013
2.571365E-04	7.278946877
2.575269E-04	8.187639236
2.579173E-04	9.23575592
2.583077E-04	10.45085526
2.586981E-04	11.86740971
2.590885E-04	13.52935791
2.594789E-04	15.49244404
2.598693E-04	17.82913589
2.602596E-04	20.63411331
2.606500E-04	24.03510284
2.610404E-04	28.19677734
2.614308E-04	33.3306694
2.616260E-04	36.36640167
2.618212E-04	39.79295349
2.620164E-04	43.67454147
2.622116E-04	48.09090424
2.624068E-04	53.13527298
2.626020E-04	58.92934418
2.627972E-04	65.625
2.629924E-04	73.41222382
2.631876E-04	82.53565979
2.633828E-04	93.31808472
2.635780E-04	106.1700363
2.637732E-04	121.6400909
2.639684E-04	140.4739227
2.641636E-04	163.6733398
2.643588E-04	192.7238007
2.644564E-04	210.0774841
2.645540E-04	229.7701263
2.646516E-04	252.2662354
2.647492E-04	278.090271
2.648468E-04	307.9403992
2.649444E-04	342.6672058
2.650420E-04	383.4010925
2.651396E-04	431.5915527
2.652372E-04	489.1436768
2.653348E-04	558.5516968
2.654324E-04	643.2459106
2.655300E-04	747.7667847
2.656276E-04	878.3659668
2.656764E-04	955.9411011
2.657252E-04	1043.227539
2.657740E-04	1141.831421
2.658228E-04	1253.242554
2.658716E-04	1379.176514
2.659204E-04	1521.299072
2.659692E-04	1681.790039
2.660180E-04	1862.143066
2.660668E-04	2064.211426
2.661156E-04	2289.388916
2.661644E-04	2538.596191
2.662620E-04	3109.19751
2.663108E-04	3428.199707
2.664084E-04	4117.935547
2.665552E-04	5197.445801
2.666045E-04	5538.17627
2.666784E-04	5994.141602
2.667523E-04	6354.199707
2.668015E-04	6526.408203
2.669000E-04	6680.891602
2.669492E-04	6657.463867
2.669985E-04	6567.220215
2.670477E-04	6414.46582
2.671216E-04	6080.856445
2.671955E-04	5648.395508
2.672448E-04	5320.584961
2.675109E-04	3442.4104
2.675977E-04	2908.546631
2.676410E-04	2668.573242
2.677278E-04	2242.740967
2.678145E-04	1888.58374
2.679012E-04	1598.465698
2.679880E-04	1362.402832
2.680748E-04	1171.128052
2.681616E-04	1015.564758
2.682484E-04	888.4567261
2.683351E-04	783.8203125
2.684219E-04	696.7524414
2.685086E-04	623.730957
2.685953E-04	561.9377441
2.686821E-04	509.1096497
2.687689E-04	463.6715698
2.688556E-04	424.2955322
2.689424E-04	389.8938599
2.690291E-04	359.6988831
2.692026E-04	309.2778015
2.693761E-04	269.077301
2.695496E-04	236.5027771
2.697231E-04	209.7172546
2.698966E-04	187.4250031
2.700701E-04	168.6701813
2.702435E-04	152.7280884
2.704171E-04	139.0484009
2.705906E-04	127.2363205
2.707641E-04	116.9530869
2.709376E-04	107.9560547
2.711112E-04	100.0313721
2.714581E-04	86.73493958
2.718051E-04	76.02761078
2.721521E-04	67.29059601
2.724991E-04	60.06967545
2.728461E-04	54.02961349
2.731931E-04	48.91935349
2.735401E-04	44.55418015
2.738871E-04	40.79179382
2.742341E-04	37.52314377
2.745811E-04	34.66306686
2.749282E-04	32.14361191
2.752752E-04	29.91627121
2.756222E-04	27.94516563
2.763163E-04	24.57946587
2.770103E-04	21.81212234
2.777043E-04	19.51957703
2.783983E-04	17.59444046
2.790923E-04	15.95791245
2.797863E-04	14.55170727
2.804803E-04	13.33157158
2.811744E-04	12.26327896
2.818684E-04	11.32083321
2.825624E-04	10.48929214
2.839505E-04	9.068062782
2.853386E-04	7.894290924
2.867266E-04	6.909506321
2.881146E-04	6.066533566
2.895027E-04	5.331531048
2.908907E-04	4.679795265
2.922788E-04	4.092658043
2.936669E-04	3.556115627
2.950549E-04	3.059624672
2.964429E-04	2.59566164
2.978310E-04	2.159311771
2.985250E-04	1.951236725
2.992191E-04	1.751300097
2.999131E-04	1.560170531
3.006071E-04	1.379927754
3.013011E-04	1.213888884
3.019951E-04	1.066421747
3.023421E-04	1.002051115
3.026891E-04	0.946257234
3.030361E-04	0.900444865
3.033832E-04	0.8665452
3.035567E-04	0.854966044
3.037302E-04	0.847562909
3.039037E-04	0.844820797
3.040772E-04	0.847253382
3.042507E-04	0.855433106
3.044242E-04	0.870025039
3.045977E-04	0.891821742
3.046844E-04	0.905694127
3.048146E-04	0.930650651
3.049231E-04	0.955516994
3.051183E-04	1.010578275
3.052050E-04	1.039685488
3.052918E-04	1.071977377
3.054653E-04	1.146609664
3.056388E-04	1.236271143
3.058123E-04	1.343019843
3.058990E-04	1.403585196
3.059858E-04	1.469515085
3.060726E-04	1.541030645
3.061593E-04	1.618634224
3.062460E-04	1.702663898
3.063328E-04	1.793891191
3.064196E-04	1.892627716
3.065063E-04	1.999369621
3.065930E-04	2.114879131
3.066798E-04	2.240028381
3.067665E-04	2.375169992
3.068533E-04	2.521579742
3.069401E-04	2.68001008
3.070268E-04	2.851233959
3.071135E-04	3.036419868
3.072003E-04	3.237138033
3.073738E-04	3.689738035
3.075474E-04	4.221124172
3.077209E-04	4.846429825
3.078944E-04	5.585278034
3.080679E-04	6.461550713
3.082414E-04	7.505145073
3.084149E-04	8.755329132
3.085884E-04	10.26214218
3.086752E-04	11.13276005
3.087619E-04	12.09273434
3.088486E-04	13.15581703
3.089354E-04	14.33778572
3.090222E-04	15.65393448
3.091089E-04	17.12074089
3.091956E-04	18.76472282
3.092824E-04	20.61359596
3.093691E-04	22.69634819
3.094559E-04	25.05811501
3.095427E-04	27.74296761
3.096294E-04	30.8097496
3.097161E-04	34.32898712
3.098029E-04	38.40534973
3.098896E-04	43.14379883
3.099764E-04	48.70890045
3.100632E-04	55.29001236
3.101499E-04	63.14611816
3.102366E-04	72.64906311
3.103234E-04	84.3183136
3.104102E-04	98.88587952
3.104536E-04	107.5779037
3.104969E-04	117.4111633
3.105402E-04	128.6268158
3.105836E-04	141.5302124
3.106270E-04	156.4471741
3.106704E-04	173.7202911
3.107137E-04	193.8471527
3.107571E-04	217.5028076
3.108005E-04	245.3425293
3.108439E-04	278.147522
3.108873E-04	316.904541
3.109307E-04	362.7599182
3.109741E-04	416.7936401
3.110175E-04	480.3525391
3.110609E-04	554.8869629
3.111042E-04	641.2987671
3.111476E-04	741.5239868
3.111910E-04	856.1634521
3.112344E-04	986.1122437
3.112778E-04	1131.717773
3.113212E-04	1292.551514
3.113645E-04	1467.910278
3.114512E-04	1854.725098
3.116248E-04	2674.338135
3.116898E-04	2945.619385
3.117586E-04	3178.769287
3.118528E-04	3373.77002
3.119000E-04	3407.948242
3.119472E-04	3397.357422
3.119707E-04	3375.398193
3.120649E-04	3184.74585
3.121545E-04	2876.789551
3.122537E-04	2447.227051
3.124189E-04	1694.533203
3.124520E-04	1555.848511
3.125180E-04	1300.746704
3.125510E-04	1185.336548
3.126171E-04	979.9840698
3.126501E-04	890.303772
3.126832E-04	808.394104
3.127162E-04	734.7252808
3.127492E-04	668.2915649
3.127822E-04	608.8117676
3.128152E-04	555.5376587
3.128483E-04	507.9461365
3.128813E-04	465.6505432
3.129143E-04	428.0938416
3.129473E-04	394.6973572
3.129803E-04	364.9937134
3.130134E-04	338.4238281
3.130795E-04	293.766449
3.131456E-04	258.0033264
3.132117E-04	229.048172
3.132778E-04	205.3086395
3.133439E-04	185.5889435
3.134099E-04	169.024231
3.134760E-04	154.894165
3.135421E-04	142.7428894
3.136082E-04	132.1827393
3.136742E-04	122.9347839
3.138063E-04	107.507515
3.139385E-04	95.17045593
3.140706E-04	85.12650299
3.142028E-04	76.8004303
3.143349E-04	69.8109436
3.144670E-04	63.87571716
3.145992E-04	58.78129578
3.147313E-04	54.37596512
3.148635E-04	50.53124237
3.149956E-04	47.15523911
3.151278E-04	44.16600037
3.152599E-04	41.50521469
3.155242E-04	36.97327805
3.157886E-04	33.26889038
3.160527E-04	30.19921112
3.163170E-04	27.6193409
3.165813E-04	25.42631149
3.168456E-04	23.54195404
3.171099E-04	21.90840721
3.173741E-04	20.48077011
3.176384E-04	19.22574806
3.179026E-04	18.11653709
3.184312E-04	16.23271751
3.189598E-04	14.68953323
3.194883E-04	13.41019058
3.200169E-04	12.33342838
3.205455E-04	11.41489983
3.210740E-04	10.6219368
3.216026E-04	9.92999649
3.221312E-04	9.320511818
3.226597E-04	8.779294968
3.231883E-04	8.295054436
3.237169E-04	7.862054348
3.247740E-04	7.108027458
3.258311E-04	6.470481396
3.268883E-04	5.924889088
3.279454E-04	5.450498104
3.290026E-04	5.032099724
3.300598E-04	4.658561707
3.311169E-04	4.323081493
3.332311E-04	3.73490572
3.353454E-04	3.229304075
3.374597E-04	2.785125017
3.395739E-04	2.387014151
3.416882E-04	2.02482152
3.438024E-04	1.692127109
3.459167E-04	1.385389924
3.480309E-04	1.103813767
3.501452E-04	0.848933399
3.512023E-04	0.733087301
3.522595E-04	0.62710464
3.533166E-04	0.531720877
3.538452E-04	0.4886069
3.543737E-04	0.449366093
3.549022E-04	0.414097488
3.554308E-04	0.383188009
3.559594E-04	0.357104927
3.564879E-04	0.336264879
3.567522E-04	0.328027904
3.570165E-04	0.321421683
3.572808E-04	0.316536874
3.575450E-04	0.313444793
3.578093E-04	0.312234014
3.580736E-04	0.313005596
3.583379E-04	0.315879434
3.584700E-04	0.318151444
3.586683E-04	0.322669089
3.588004E-04	0.326449662
3.591308E-04	0.338725448
3.593951E-04	0.351586461
3.596594E-04	0.36730513
3.599236E-04	0.386068851
3.601879E-04	0.408089161
3.604522E-04	0.433599293
3.607165E-04	0.462816358
3.609808E-04	0.496012211
3.612451E-04	0.533435702
3.615094E-04	0.575406909
3.617737E-04	0.622213721
3.620380E-04	0.674219072
3.623022E-04	0.731753469
3.625665E-04	0.795302272
3.628308E-04	0.8652336
3.630951E-04	0.94203341
3.633594E-04	1.026255488
3.636237E-04	1.118403316
3.638879E-04	1.219082355
3.641522E-04	1.329080343
3.644165E-04	1.449136496
3.646808E-04	1.580328465
3.649451E-04	1.723608971
3.654737E-04	2.048763752
3.660023E-04	2.432160854
3.665308E-04	2.885398626
3.670594E-04	3.421841383
3.675880E-04	4.05751276
3.681165E-04	4.812092781
3.686451E-04	5.710736275
3.691737E-04	6.784397125
3.697021E-04	8.072749138
3.702308E-04	9.627099037
3.707592E-04	11.5105505
3.712879E-04	13.79908466
3.715522E-04	15.13144302
3.718165E-04	16.61783409
3.720807E-04	18.277771
3.723450E-04	20.13595009
3.726093E-04	22.21984482
3.728736E-04	24.56267548
3.731379E-04	27.20646286
3.734022E-04	30.20059586
3.736665E-04	33.60309219
3.739307E-04	37.48887253
3.741950E-04	41.94504547
3.744593E-04	47.08086395
3.747236E-04	53.03540802
3.749879E-04	59.97594452
3.752521E-04	68.12123871
3.755164E-04	77.75598145
3.757806E-04	89.23778534
3.760449E-04	103.048584
3.763091E-04	119.817215
3.765735E-04	140.391037
3.768378E-04	165.9725342
3.769699E-04	181.1584473
3.771020E-04	198.3036499
3.772343E-04	217.7802429
3.773664E-04	239.959259
3.774985E-04	265.3783875
3.776307E-04	294.6862183
3.777627E-04	328.6150208
3.778950E-04	368.2646484
3.780272E-04	414.8464966
3.781593E-04	469.9615479
3.782914E-04	535.7641602
3.784236E-04	615.0424805
3.785558E-04	711.3068237
3.786879E-04	829.1409302
3.788199E-04	974.6479492
3.789521E-04	1155.419189
3.790842E-04	1380.579346
3.792164E-04	1660.196533
3.792825E-04	1823.633179
3.794147E-04	2201.727783
3.794807E-04	2416.841064
3.796129E-04	2897.897949
3.799088E-04	4121.1875
3.800316E-04	4605.825684
3.801544E-04	5010.754883
3.802363E-04	5213.856934
3.803181E-04	5349.935059
3.804000E-04	5411.907715
3.804819E-04	5396.519531
3.805638E-04	5305.328125
3.806456E-04	5144.521484
3.807684E-04	4794.9375
3.808912E-04	4354.027344
3.812160E-04	3076.160889
3.812965E-04	2786.61084
3.813770E-04	2518.515137
3.814575E-04	2274.22168
3.815380E-04	2053.946777
3.816185E-04	1857.029907
3.816989E-04	1682.331299
3.817794E-04	1527.594727
3.818599E-04	1390.851318
3.819405E-04	1270.187866
3.820208E-04	1163.883545
3.821013E-04	1069.712769
3.821818E-04	986.2389526
3.823427E-04	845.9911499
3.825037E-04	733.7518311
3.826646E-04	642.8720703
3.828255E-04	568.3182373
3.829865E-04	506.4604797
3.831475E-04	454.6156311
3.833084E-04	410.7393494
3.834694E-04	373.2486267
3.836304E-04	340.9944763
3.837913E-04	313.0227356
3.839523E-04	288.6083069
3.841133E-04	267.1705933
3.842742E-04	248.2559662
3.845961E-04	216.4174957
3.849180E-04	190.7525177
3.852399E-04	169.7409363
3.855618E-04	152.3309937
3.858837E-04	137.7310486
3.862056E-04	125.3600311
3.865275E-04	114.7737427
3.868494E-04	105.6343155
3.871713E-04	97.68727112
3.874933E-04	90.72445679
3.878151E-04	84.60372925
3.881371E-04	79.19898987
3.887809E-04	70.0389328
3.894247E-04	62.56721115
3.900686E-04	56.41599655
3.907125E-04	51.28482437
3.913563E-04	46.95143127
3.920002E-04	43.25091553
3.926440E-04	40.06123734
3.932879E-04	37.28750992
3.939316E-04	34.85691071
3.945754E-04	32.71187592
3.952192E-04	30.8068428
3.958630E-04	29.10571861
3.965069E-04	27.59019661
3.977946E-04	24.97100067
3.990823E-04	22.78732681
4.003699E-04	20.95147514
4.016575E-04	19.38764191
4.029451E-04	18.03979301
4.042328E-04	16.86591721
4.055203E-04	15.83411789
4.068081E-04	14.91937828
4.080958E-04	14.10225201
4.093834E-04	13.3706131
4.119587E-04	12.1009655
4.145340E-04	11.0316
4.171094E-04	10.11506557
4.196847E-04	9.314066887
4.222600E-04	8.601119041
4.248353E-04	7.955293655
4.274106E-04	7.360007286
4.299859E-04	6.80161953
4.325612E-04	6.268303394
4.351366E-04	5.749223232
4.377119E-04	5.233804703
4.402872E-04	4.711489201
4.415747E-04	4.444087505
4.428624E-04	4.170009136
4.441500E-04	3.887730598
4.454378E-04	3.595338821
4.467254E-04	3.290984154
4.480130E-04	2.972878695
4.493008E-04	2.640038252
4.499446E-04	2.467983246
4.505884E-04	2.291813612
4.512322E-04	2.112275362
4.518761E-04	1.930103779
4.525200E-04	1.746614575
4.531638E-04	1.563925266
4.538076E-04	1.38535285
4.544514E-04	1.216125011
4.550952E-04	1.063741684
4.554172E-04	0.997775793
4.557391E-04	0.941905499
4.560610E-04	0.898938239
4.562219E-04	0.883383334
4.563829E-04	0.872517586
4.565439E-04	0.867031991
4.567048E-04	0.86770165
4.568658E-04	0.875402451
4.570267E-04	0.891106725
4.571877E-04	0.915986836
4.573486E-04	0.951330006
4.575096E-04	0.998719394
4.575900E-04	1.027447581
4.576705E-04	1.059866309
4.578316E-04	1.136919975
4.579925E-04	1.232066989
4.581534E-04	1.348217964
4.583144E-04	1.488629103
4.583949E-04	1.569061875
4.584754E-04	1.657159925
4.585559E-04	1.75347209
4.586364E-04	1.858670235
4.587169E-04	1.973281026
4.587974E-04	2.098500252
4.588778E-04	2.234894753
4.589583E-04	2.383393288
4.590387E-04	2.54515934
4.591194E-04	2.721664906
4.591998E-04	2.913583994
4.592802E-04	3.122616053
4.593606E-04	3.350321054
4.594412E-04	3.598654985
4.595217E-04	3.869121075
4.596021E-04	4.163805008
4.596826E-04	4.485608101
4.597631E-04	4.836966038
4.598436E-04	5.22088623
4.599240E-04	5.640368938
4.600045E-04	6.099526882
4.600850E-04	6.603100777
4.601655E-04	7.155092239
4.602459E-04	7.761435509
4.603263E-04	8.427834511
4.604069E-04	9.163291931
4.604874E-04	9.974287987
4.605678E-04	10.87015152
4.606483E-04	11.86256027
4.607288E-04	12.96631622
4.608093E-04	14.19262314
4.608897E-04	15.56085587
4.609702E-04	17.09176445
4.610507E-04	18.8100338
4.611312E-04	20.74695015
4.612117E-04	22.93480873
4.612922E-04	25.41847229
4.613728E-04	28.25362206
4.614532E-04	31.49830627
4.615336E-04	35.2395134
4.616140E-04	39.57785797
4.616945E-04	44.65564346
4.617750E-04	50.65139008
4.618555E-04	57.78886032
4.619359E-04	66.37895966
4.620164E-04	76.86238098
4.620969E-04	89.81343842
4.621372E-04	97.47253418
4.621775E-04	106.0393372
4.622177E-04	115.6989594
4.622578E-04	126.5434723
4.622980E-04	138.8295593
4.623383E-04	152.8313293
4.623785E-04	168.6782837
4.624187E-04	186.6904602
4.624590E-04	207.1738281
4.624993E-04	230.5072021
4.625395E-04	256.927124
4.625797E-04	286.9517517
4.626199E-04	320.8852539
4.626602E-04	359.3347778
4.627004E-04	402.5356445
4.627407E-04	451.0471191
4.627809E-04	504.9863281
4.628212E-04	565.0599976
4.628614E-04	631.1211548
4.629418E-04	782.5241699
4.629821E-04	868.0296021
4.630625E-04	1056.58728
4.631832E-04	1375.387207
4.633040E-04	1712.049194
4.633844E-04	1926.520996
4.634943E-04	2177.543945
4.636118E-04	2357.21875
4.637000E-04	2413.973389
4.637588E-04	2411.052979
4.637880E-04	2397.445557
4.639056E-04	2266.816162
4.640092E-04	2067.375488
4.641204E-04	1796.869385
4.643057E-04	1310.195313
4.644170E-04	1043.535522
4.644541E-04	962.9273682
4.645283E-04	816.3930054
4.646024E-04	689.9691162
4.646766E-04	582.9278564
4.647507E-04	493.963501
4.648249E-04	420.8731384
4.648990E-04	361.3292847
4.649733E-04	312.9890747
4.650475E-04	273.7988892
4.651215E-04	241.9771729
4.651956E-04	215.9226532
4.652698E-04	194.3895874
4.653439E-04	176.4487
4.654181E-04	161.3124695
4.654922E-04	148.4295807
4.655664E-04	137.3310852
4.656405E-04	127.6969147
4.657146E-04	119.2532043
4.657888E-04	111.7954712
4.658630E-04	105.1575546
4.660113E-04	93.89133453
4.661596E-04	84.68463898
4.663079E-04	77.04145813
4.664562E-04	70.6047287
4.666045E-04	65.12276459
4.667528E-04	60.40441895
4.669011E-04	56.3072319
4.670495E-04	52.72106171
4.671978E-04	49.56041336
4.673460E-04	46.75427246
4.674943E-04	44.24814987
4.677909E-04	39.96323013
4.680875E-04	36.44025421
4.683841E-04	33.50262451
4.686807E-04	31.02105331
4.689773E-04	28.90085793
4.692739E-04	27.07019234
4.695705E-04	25.47499657
4.698671E-04	24.07390976
4.701637E-04	22.83410263
4.704603E-04	21.73034859
4.707569E-04	20.74329758
4.710535E-04	19.85606384
4.716467E-04	18.3190403
4.722399E-04	17.02925491
4.728331E-04	15.93552685
4.734264E-04	14.99625874
4.740197E-04	14.18037987
4.746129E-04	13.46433735
4.752061E-04	12.82987881
4.757993E-04	12.26293468
4.763924E-04	11.75281525
4.769857E-04	11.29341602
4.781721E-04	10.48576164
4.793585E-04	9.792970657
4.805449E-04	9.190080643
4.817313E-04	8.655263901
4.829178E-04	8.172242165
4.841042E-04	7.728512287
4.852906E-04	7.313907623
4.864771E-04	6.919847965
4.876635E-04	6.538763523
4.888500E-04	6.163329124
4.900363E-04	5.786087036
4.912226E-04	5.399527073
4.918159E-04	5.199851513
4.924091E-04	4.993612766
4.930023E-04	4.779517174
4.935955E-04	4.555857182
4.941887E-04	4.320683479
4.947819E-04	4.071941376
4.953751E-04	3.80780077
4.956717E-04	3.669239759
4.959682E-04	3.525904655
4.962649E-04	3.377716303
4.965614E-04	3.224859715
4.968582E-04	3.067614317
4.971548E-04	2.906947613
4.974514E-04	2.744310379
4.977479E-04	2.582432508
4.980445E-04	2.425872087
4.983412E-04	2.282784939
4.984895E-04	2.220378876
4.986378E-04	2.167363167
4.987861E-04	2.127291203
4.989345E-04	2.10498476
4.990827E-04	2.10703969
4.992310E-04	2.142699003
4.993793E-04	2.225222349
4.994534E-04	2.289635897
4.995276E-04	2.373773098
4.996017E-04	2.481409311
4.996759E-04	2.617751598
4.997501E-04	2.789087296
4.998241E-04	3.003221273
4.998982E-04	3.271361828
4.999354E-04	3.430606842
4.999911E-04	3.707039356
5.000281E-04	3.919768572
5.000465E-04	4.035691261
5.000837E-04	4.292114735
5.001208E-04	4.582489967
5.001579E-04	4.913115978
5.001949E-04	5.2903018
5.002320E-04	5.724140167
5.002691E-04	6.225527763
5.003062E-04	6.805408001
5.003433E-04	7.480381012
5.003803E-04	8.26789856
5.004174E-04	9.194194794
5.004543E-04	10.28133678
5.004915E-04	11.57151127
5.005286E-04	13.10133934
5.005657E-04	14.9229393
5.006029E-04	17.08646011
5.006399E-04	19.65676117
5.006769E-04	22.72179985
5.007141E-04	26.37477112
5.007512E-04	30.69543839
5.007883E-04	35.82315063
5.008253E-04	41.86721039
5.008624E-04	48.9939003
5.008995E-04	57.33023834
5.009367E-04	67.094841
5.009737E-04	78.38592529
5.010107E-04	91.41677856
5.010478E-04	106.3663254
5.010848E-04	123.4086914
5.011219E-04	142.7071228
5.011590E-04	164.4513855
5.011961E-04	188.725769
5.012332E-04	215.5608521
5.012703E-04	245.102478
5.013444E-04	311.915802
5.013814E-04	349.0366211
5.014556E-04	429.6632996
5.016595E-04	671.838623
5.017708E-04	790.9193115
5.018449E-04	853.444458
5.019005E-04	888.210022
5.019627E-04	912.7969971
5.020000E-04	919.7095947
5.020746E-04	915.4725342
5.021519E-04	886.4467773
5.022171E-04	844.3636475
5.023088E-04	763.6434937
5.023349E-04	737.1209717
5.026227E-04	418.0532227
5.026750E-04	366.017334
5.027274E-04	318.1318359
5.027797E-04	275.0062561
5.028320E-04	236.7779846
5.028843E-04	203.2923889
5.029366E-04	174.4302826
5.029891E-04	149.7514038
5.030414E-04	128.9870605
5.030936E-04	111.6212082
5.031459E-04	97.20365906
5.031983E-04	85.28430176
5.032505E-04	75.50376129
5.033029E-04	67.43426514
5.033552E-04	60.81740189
5.034075E-04	55.35821152
5.034598E-04	50.83063126
5.035121E-04	47.0538063
5.035645E-04	43.85921097
5.036168E-04	41.1533699
5.036690E-04	38.824543
5.037214E-04	36.80236053
5.037737E-04	35.02868652
5.038784E-04	32.05555725
5.039830E-04	29.64895058
5.040875E-04	27.6524334
5.041923E-04	25.95738983
5.042969E-04	24.50146103
5.044016E-04	23.23316193
5.045062E-04	22.11969376
5.046107E-04	21.13253212
5.047155E-04	20.24985123
5.048201E-04	19.45773125
5.050293E-04	18.09135818
5.052386E-04	16.95381165
5.054478E-04	15.99238205
5.056571E-04	15.16830826
5.058663E-04	14.45465374
5.060758E-04	13.83026123
5.062849E-04	13.28031254
5.064941E-04	12.79141331
5.067034E-04	12.35381413
5.069127E-04	11.9594183
5.071219E-04	11.60149002
5.075405E-04	10.97505093
5.079588E-04	10.44473171
5.083775E-04	9.989224434
5.087960E-04	9.59304142
5.092145E-04	9.244339943
5.096330E-04	8.93437767
5.100516E-04	8.656720161
5.104701E-04	8.406725883
5.113071E-04	7.968634129
5.121443E-04	7.593444347
5.129813E-04	7.267405033
5.138184E-04	6.979041576
5.146555E-04	6.720084667
5.154925E-04	6.484483719
5.163296E-04	6.267611504
5.171666E-04	6.066900253
5.188408E-04	5.699350357
5.205149E-04	5.364772797
5.221890E-04	5.053537846
5.238632E-04	4.757771492
5.255372E-04	4.471492767
5.272112E-04	4.189912319
5.288855E-04	3.908989429
5.305596E-04	3.625166893
5.322338E-04	3.335172892
5.339079E-04	3.035941362
5.355820E-04	2.724649906
5.372561E-04	2.399365664
5.380931E-04	2.231061935
5.389302E-04	2.058448792
5.397673E-04	1.882117987
5.406043E-04	1.702661991
5.414414E-04	1.521148682
5.422786E-04	1.339390278
5.431155E-04	1.160449624
5.439527E-04	0.98908931
5.447896E-04	0.832221866
5.452081E-04	0.762836814
5.456267E-04	0.702587724
5.460453E-04	0.654031098
5.462545E-04	0.635229886
5.464637E-04	0.620825529
5.466730E-04	0.611447036
5.468822E-04	0.607795238
5.470915E-04	0.610659063
5.473008E-04	0.620966792
5.475100E-04	0.63981092
5.476147E-04	0.652830958
5.477194E-04	0.668484688
5.478240E-04	0.686948597
5.480332E-04	0.733155429
5.481379E-04	0.761360466
5.483472E-04	0.829111099
5.485565E-04	0.913862526
5.487658E-04	1.01824975
5.489750E-04	1.145369053
5.490796E-04	1.218614936
5.491841E-04	1.298954129
5.492888E-04	1.387082338
5.493935E-04	1.483573794
5.494983E-04	1.589192867
5.496028E-04	1.704363108
5.497073E-04	1.830118895
5.498120E-04	1.967458725
5.499166E-04	2.117287636
5.500212E-04	2.280572891
5.501259E-04	2.45876193
5.502307E-04	2.653223991
5.503352E-04	2.864995956
5.504398E-04	3.095973969
5.505445E-04	3.347764015
5.506490E-04	3.622500896
5.507538E-04	3.923048019
5.508583E-04	4.250283241
5.509629E-04	4.60799408
5.510674E-04	4.998960972
5.512768E-04	5.894985199
5.514861E-04	6.970448017
5.515907E-04	7.588365078
5.516954E-04	8.268055916
5.518000E-04	9.016350746
5.519047E-04	9.843461037
5.520094E-04	10.75747871
5.521140E-04	11.76874828
5.522186E-04	12.89241695
5.523232E-04	14.14201736
5.524279E-04	15.53815746
5.525325E-04	17.09759712
5.526371E-04	18.84679985
5.527417E-04	20.81496239
5.528463E-04	23.03703308
5.529510E-04	25.55515099
5.530558E-04	28.42498398
5.531603E-04	31.69597244
5.532650E-04	35.45897293
5.533695E-04	39.80308914
5.534741E-04	44.8529892
5.535788E-04	50.76952362
5.536835E-04	57.75253296
5.537881E-04	66.06304932
5.538927E-04	76.05522156
5.539973E-04	88.21870422
5.541020E-04	103.2308731
5.542066E-04	122.0062866
5.542589E-04	133.1784973
5.543113E-04	145.8213806
5.543636E-04	160.1324615
5.544159E-04	176.4005432
5.544683E-04	194.9671936
5.545206E-04	216.1035156
5.545728E-04	240.2991486
5.546251E-04	267.9326172
5.546774E-04	299.5777283
5.547297E-04	335.6737976
5.547821E-04	376.8868103
5.548344E-04	423.8168945
5.548867E-04	476.9010315
5.549391E-04	536.7451782
5.549915E-04	603.8311768
5.550436E-04	678.4301147
5.550960E-04	761.0071411
5.551483E-04	851.392395
5.552529E-04	1055.225464
5.554099E-04	1407.697754
5.555669E-04	1781.918457
5.556715E-04	2014.835205
5.557537E-04	2173.322754
5.558768E-04	2348.472656
5.559178E-04	2386.504883
5.560000E-04	2428.141113
5.560821E-04	2422.212891
5.561232E-04	2401.51123
5.562463E-04	2274.577393
5.562874E-04	2212.909424
5.564089E-04	1988.74939
5.567301E-04	1282.257935
5.567704E-04	1198.989014
5.568907E-04	971.5188599
5.569711E-04	839.8848877
5.570515E-04	725.1942749
5.571318E-04	627.0214233
5.572123E-04	543.6384888
5.572926E-04	473.8468323
5.573728E-04	415.5751953
5.574531E-04	366.9943237
5.575334E-04	326.5461426
5.576138E-04	292.7008362
5.576941E-04	264.2897949
5.577744E-04	240.2376099
5.578547E-04	219.7794189
5.579351E-04	202.1578827
5.580154E-04	186.9453125
5.580957E-04	173.6589508
5.581760E-04	161.9820862
5.582563E-04	151.6505432
5.584169E-04	134.2328644
5.585776E-04	120.1213989
5.587382E-04	108.5013046
5.588990E-04	98.78155518
5.590595E-04	90.56502533
5.592203E-04	83.52799225
5.593810E-04	77.45126343
5.595416E-04	72.16511536
5.597023E-04	67.52763367
5.598629E-04	63.43100739
5.600236E-04	59.78864288
5.601842E-04	56.53207779
5.605055E-04	50.95758057
5.608268E-04	46.37082291
5.611480E-04	42.54364777
5.614696E-04	39.30961609
5.617907E-04	36.54942703
5.621121E-04	34.16717148
5.624334E-04	32.09434891
5.627548E-04	30.27636337
5.630761E-04	28.67034149
5.633975E-04	27.24327469
5.637187E-04	25.96977234
5.640399E-04	24.82759476
5.646826E-04	22.85575294
5.653252E-04	21.21016121
5.659678E-04	19.82294083
5.666104E-04	18.63961601
5.672532E-04	17.61907959
5.678957E-04	16.73051834
5.685385E-04	15.94978523
5.691811E-04	15.25879002
5.698237E-04	14.64263725
5.704664E-04	14.0898962
5.711089E-04	13.59162521
5.717515E-04	13.14292812
5.730368E-04	12.35655499
5.743221E-04	11.68839455
5.756073E-04	11.11628914
5.768926E-04	10.6201973
5.781779E-04	10.18528748
5.794631E-04	9.800356865
5.807484E-04	9.45664978
5.820337E-04	9.147444725
5.833188E-04	8.867360115
5.846041E-04	8.613276482
5.871746E-04	8.16447258
5.897450E-04	7.778521061
5.923156E-04	7.442238331
5.948861E-04	7.144941807
5.974566E-04	6.878778458
6.000271E-04	6.637838364
6.025976E-04	6.417588234
6.051681E-04	6.214482784
6.077386E-04	6.026068211
6.128795E-04	5.683125496
6.180207E-04	5.374721527
6.231616E-04	5.091796875
6.283027E-04	4.827340126
6.334438E-04	4.576001167
6.385847E-04	4.333498955
6.437259E-04	4.096218586
6.488668E-04	3.860980511
6.540078E-04	3.624800444
6.591488E-04	3.384746075
6.642898E-04	3.137779236
6.694308E-04	2.880614996
6.745718E-04	2.60977459
6.771423E-04	2.467964172
6.797128E-04	2.320916653
6.822834E-04	2.168178797
6.848538E-04	2.009106398
6.874244E-04	1.843049407
6.899949E-04	1.669398665
6.925654E-04	1.487658143
6.951359E-04	1.297635198
6.977064E-04	1.099838018
6.989917E-04	0.998465002
7.002769E-04	0.895753264
7.015623E-04	0.792459607
7.028474E-04	0.689577878
7.041328E-04	0.58854419
7.054180E-04	0.491633296
7.067032E-04	0.401854515
7.073458E-04	0.361187994
7.079886E-04	0.324851513
7.086312E-04	0.29389599
7.092739E-04	0.269788027
7.099164E-04	0.254363924
7.102376E-04	0.250748277
7.105590E-04	0.250468224
7.108803E-04	0.25402537
7.112016E-04	0.26199773
7.113622E-04	0.267849624
7.116835E-04	0.283774853
7.118442E-04	0.29406032
7.121656E-04	0.319845408
7.124868E-04	0.353513956
7.128082E-04	0.396415144
7.131295E-04	0.45015502
7.134510E-04	0.51674068
7.137723E-04	0.598520398
7.140935E-04	0.698524415
7.142542E-04	0.756599307
7.144148E-04	0.820730209
7.145753E-04	0.891633272
7.147361E-04	0.97009033
7.148967E-04	1.056848526
7.150574E-04	1.152893543
7.152180E-04	1.25924778
7.153788E-04	1.377340078
7.155395E-04	1.508435607
7.157000E-04	1.654111385
7.158608E-04	1.816641808
7.160214E-04	1.998083353
7.161821E-04	2.201235056
7.163427E-04	2.429196835
7.165033E-04	2.685778141
7.166639E-04	2.975730419
7.168246E-04	3.305058002
7.169852E-04	3.679951906
7.171459E-04	4.109270096
7.173066E-04	4.603950977
7.174674E-04	5.177279949
7.176279E-04	5.845776558
7.177886E-04	6.632918835
7.179492E-04	7.567111969
7.181099E-04	8.6908741
7.182705E-04	10.05850697
7.184311E-04	11.75474167
7.185115E-04	12.76303482
7.185918E-04	13.90474033
7.186721E-04	15.20944881
7.187523E-04	16.71469688
7.188327E-04	18.47255135
7.189131E-04	20.5490799
7.189933E-04	23.0329895
7.190738E-04	26.05399323
7.191542E-04	29.77828598
7.192343E-04	34.42113113
7.193146E-04	40.29497147
7.193549E-04	43.81747437
7.193950E-04	47.79339218
7.194353E-04	52.30532837
7.194755E-04	57.41819763
7.195156E-04	63.18605804
7.195558E-04	69.73129272
7.195959E-04	77.11978912
7.196361E-04	85.50344849
7.196762E-04	94.91681671
7.197163E-04	105.5284576
7.197566E-04	117.4604721
7.197969E-04	130.8069
7.198370E-04	145.6476746
7.198771E-04	162.0807495
7.199574E-04	200.243927
7.200377E-04	245.9743195
7.200779E-04	271.7720337
7.201581E-04	329.1398621
7.202787E-04	428.7092285
7.205197E-04	655.661499
7.206403E-04	764.2208252
7.207607E-04	853.3504639
7.208608E-04	904.4874268
7.209403E-04	926.6292114
7.210000E-04	931.4912109
7.210397E-04	929.0081177
7.211392E-04	903.1765137
7.212111E-04	868.2158203
7.212892E-04	817.0234985
7.214192E-04	709.0144653
7.216795E-04	462.6659241
7.217316E-04	416.0115356
7.218358E-04	330.3009033
7.218878E-04	291.9896545
7.219398E-04	256.8565979
7.219918E-04	225.0764008
7.220438E-04	196.556488
7.220959E-04	171.1522827
7.221479E-04	148.7854309
7.222000E-04	129.1465149
7.222521E-04	112.1343384
7.223042E-04	97.41137695
7.223563E-04	84.7387619
7.224084E-04	73.93017578
7.224604E-04	64.70869446
7.225125E-04	56.83496094
7.225646E-04	50.16450119
7.226165E-04	44.50227737
7.226685E-04	39.6749649
7.227205E-04	35.55831909
7.227726E-04	32.03687668
7.228247E-04	29.00791359
7.228767E-04	26.39879608
7.229287E-04	24.1352005
7.229808E-04	22.15995026
7.230329E-04	20.42314911
7.231370E-04	17.5287056
7.232411E-04	15.21936512
7.233453E-04	13.33388519
7.234493E-04	11.76997185
7.235536E-04	10.44774246
7.236576E-04	9.321780205
7.237617E-04	8.350073814
7.238657E-04	7.506086826
7.239698E-04	6.767496109
7.240740E-04	6.116521835
7.241780E-04	5.542020798
7.242822E-04	5.031744957
7.243865E-04	4.577123165
7.244904E-04	4.172369003
7.245946E-04	3.809797764
7.246987E-04	3.485412121
7.248029E-04	3.194504023
7.249071E-04	2.934047222
7.250111E-04	2.700805187
7.251152E-04	2.492411137
7.252193E-04	2.306358814
7.253235E-04	2.140986443
7.254276E-04	1.994716406
7.255317E-04	1.866298199
7.256359E-04	1.754370213
7.257399E-04	1.65814209
7.258440E-04	1.576688051
7.259480E-04	1.509318829
7.260522E-04	1.455459952
7.261563E-04	1.414644718
7.262604E-04	1.386521697
7.263645E-04	1.370763779
7.264686E-04	1.367200375
7.265727E-04	1.375695229
7.266768E-04	1.396215677
7.267809E-04	1.428745747
7.268849E-04	1.473384976
7.269891E-04	1.530288458
7.270931E-04	1.599674225
7.271973E-04	1.681904554
7.273014E-04	1.777109146
7.274055E-04	1.885931849
7.275096E-04	2.008792162
7.276137E-04	2.146253109
7.277178E-04	2.298952579
7.278220E-04	2.467606068
7.279261E-04	2.652846813
7.280302E-04	2.855866909
7.281344E-04	3.077492952
7.282385E-04	3.318588972
7.284467E-04	3.864578247
7.286551E-04	4.50503397
7.288631E-04	5.253419876
7.290714E-04	6.125768661
7.292796E-04	7.142396927
7.294878E-04	8.327238083
7.296959E-04	9.710054398
7.299042E-04	11.32902908
7.301124E-04	13.229702
7.303207E-04	15.46987438
7.305288E-04	18.12018013
7.307373E-04	21.27822113
7.309453E-04	25.05540657
7.311535E-04	29.6177063
7.313617E-04	35.17235565
7.314658E-04	38.40172195
7.315699E-04	41.9992485
7.316740E-04	46.01329422
7.317780E-04	50.49956894
7.318822E-04	55.5491333
7.319862E-04	61.23649216
7.320904E-04	67.69169617
7.321946E-04	75.04136658
7.322987E-04	83.43721771
7.324028E-04	93.11366272
7.325069E-04	104.2951202
7.326111E-04	117.3423157
7.327150E-04	132.5906219
7.328193E-04	150.6570892
7.329233E-04	172.1076508
7.330276E-04	197.8329163
7.331317E-04	228.7634888
7.332358E-04	266.1817932
7.333399E-04	311.5730286
7.334439E-04	366.6534119
7.335479E-04	433.1932373
7.336520E-04	513.3677368
7.337562E-04	608.901123
7.338603E-04	721.2164307
7.339123E-04	783.8087769
7.340165E-04	922.2033081
7.341726E-04	1159.224365
7.344850E-04	1687.018799
7.346137E-04	1889.619873
7.347103E-04	2020.188843
7.348068E-04	2124.738037
7.348713E-04	2177.067627
7.349999E-04	2234.138428
7.351288E-04	2224.211182
7.351933E-04	2194.463867
7.352898E-04	2121.476807
7.353863E-04	2018.846436
7.354506E-04	1937.165039
7.359824E-04	1126.364624
7.360759E-04	999.5629883
7.361693E-04	884.6459961
7.362629E-04	782.2052612
7.363564E-04	692.0983887
7.364498E-04	613.6571045
7.365433E-04	545.8830566
7.366366E-04	487.7097473
7.367301E-04	437.7101746
7.368237E-04	394.8332825
7.369172E-04	358.0066833
7.370105E-04	326.3352966
7.371042E-04	298.834137
7.371976E-04	275.016449
7.372911E-04	254.1956482
7.373845E-04	235.8625488
7.374780E-04	219.6635284
7.375714E-04	205.2989349
7.377584E-04	180.9402771
7.379454E-04	161.1649475
7.381323E-04	144.8662109
7.383193E-04	131.2225037
7.385062E-04	119.687767
7.386931E-04	109.825119
7.388802E-04	101.308075
7.390669E-04	93.91407013
7.392540E-04	87.42982483
7.394410E-04	81.71134186
7.396280E-04	76.63663483
7.400018E-04	68.04717255
7.403757E-04	61.05883789
7.407495E-04	55.27894211
7.411235E-04	50.4382782
7.414974E-04	46.33545303
7.418716E-04	42.82132721
7.422454E-04	39.78555679
7.426193E-04	37.13848114
7.429934E-04	34.81420135
7.433670E-04	32.76411057
7.437411E-04	30.94334984
7.444888E-04	27.84306145
7.452367E-04	25.29482269
7.459843E-04	23.17677498
7.467322E-04	21.39214325
7.474801E-04	19.86969948
7.482278E-04	18.55665398
7.489756E-04	17.41292763
7.497235E-04	16.40782166
7.504713E-04	15.51792431
7.512191E-04	14.72494888
7.519669E-04	14.01889706
7.534625E-04	12.79768372
7.549582E-04	11.77528286
7.564538E-04	10.91052246
7.579492E-04	10.16782188
7.594450E-04	9.521136284
7.609407E-04	8.951413155
7.624363E-04	8.444005966
7.639319E-04	7.98767662
7.654276E-04	7.575588703
7.684187E-04	6.848832607
7.714099E-04	6.220252991
7.744012E-04	5.664364338
7.773924E-04	5.161078453
7.803837E-04	4.695683002
7.833749E-04	4.256947041
7.863662E-04	3.83600688
7.893575E-04	3.425695181
7.923488E-04	3.020120144
7.953400E-04	2.614583015
7.983314E-04	2.205760241
7.998269E-04	1.999600649
8.013226E-04	1.792226791
8.028181E-04	1.584192514
8.043139E-04	1.37635541
8.058093E-04	1.170320272
8.073050E-04	0.968617916
8.088007E-04	0.775312006
8.102962E-04	0.595906317
8.110440E-04	0.514194191
8.117919E-04	0.4403418
8.121655E-04	0.406928807
8.125398E-04	0.376304507
8.129135E-04	0.348866999
8.132874E-04	0.324956596
8.136613E-04	0.305007607
8.140353E-04	0.289520562
8.144093E-04	0.279057533
8.147830E-04	0.274235725
8.151568E-04	0.275792569
8.155309E-04	0.28465268
8.157177E-04	0.292142123
8.159047E-04	0.301866174
8.162786E-04	0.328542948
8.166526E-04	0.365832984
8.170265E-04	0.415100157
8.174007E-04	0.477959096
8.177744E-04	0.556203485
8.181483E-04	0.652110696
8.183353E-04	0.707512736
8.185223E-04	0.768381417
8.187092E-04	0.835125804
8.188961E-04	0.908106923
8.190832E-04	0.987937689
8.192700E-04	1.074968338
8.194570E-04	1.169823647
8.196439E-04	1.2730937
8.198308E-04	1.385404587
8.200178E-04	1.507419109
8.203918E-04	1.783309817
8.207656E-04	2.107441187
8.211395E-04	2.48795414
8.215135E-04	2.934548616
8.218875E-04	3.459331036
8.222611E-04	4.076047421
8.226351E-04	4.8031106
8.230089E-04	5.661462784
8.233829E-04	6.678349495
8.237568E-04	7.886786461
8.241305E-04	9.328802109
8.245046E-04	11.05947018
8.248785E-04	13.14524841
8.252525E-04	15.6752367
8.256266E-04	18.76892853
8.258134E-04	20.5747509
8.260004E-04	22.58737564
8.261873E-04	24.8368721
8.263743E-04	27.35837746
8.265613E-04	30.19328117
8.267483E-04	33.39082336
8.269351E-04	37.00632477
8.271222E-04	41.11838913
8.273090E-04	45.8057251
8.274960E-04	51.17855835
8.276829E-04	57.36830521
8.278698E-04	64.53877258
8.280567E-04	72.89591217
8.282437E-04	82.70114899
8.284307E-04	94.28982544
8.286176E-04	108.0818634
8.288046E-04	124.6751938
8.289915E-04	144.7949677
8.291786E-04	169.5050049
8.293654E-04	200.1500397
8.294590E-04	218.2784576
8.295525E-04	238.662262
8.296459E-04	261.651062
8.297394E-04	287.6505127
8.298327E-04	317.0661926
8.299262E-04	350.5473022
8.300198E-04	388.6394043
8.301133E-04	432.0057678
8.302067E-04	481.3624268
8.302999E-04	537.3397217
8.303938E-04	601.0429688
8.304872E-04	672.6713257
8.305807E-04	753.2280884
8.306740E-04	842.8126831
8.307675E-04	941.9344482
8.308612E-04	1050.215454
8.310478E-04	1290.546875
8.313306E-04	1688.254883
8.314262E-04	1820.165405
8.315697E-04	2002.244995
8.317131E-04	2152.374023
8.318088E-04	2228.430908
8.319045E-04	2281.567627
8.320002E-04	2309.693359
8.320955E-04	2311.841553
8.321912E-04	2288.208984
8.322869E-04	2240.110596
8.324303E-04	2127.603027
8.325737E-04	1976.857544
8.326694E-04	1861.611206
8.329792E-04	1459.398438
8.330863E-04	1324.338623
8.333006E-04	1078.208496
8.334077E-04	970.3243408
8.335148E-04	873.1848145
8.336222E-04	786.4551392
8.337292E-04	709.8649902
8.338363E-04	642.4515381
8.339435E-04	583.2962646
8.340505E-04	531.4520874
8.341577E-04	485.9293518
8.342649E-04	446.0362549
8.343720E-04	410.9266663
8.344791E-04	379.9311523
8.345863E-04	352.4706116
8.346934E-04	328.0895386
8.349077E-04	286.739502
8.351219E-04	253.312149
8.353361E-04	225.8800049
8.355503E-04	203.0803833
8.357646E-04	183.9146729
8.359788E-04	167.6384888
8.361933E-04	153.6891632
8.364074E-04	141.6453094
8.366215E-04	131.15979
8.368359E-04	121.9609833
8.370501E-04	113.8525467
8.372644E-04	106.6537933
8.374785E-04	100.2298279
8.379070E-04	89.25442505
8.383355E-04	80.26018524
8.387642E-04	72.79316711
8.391927E-04	66.51812744
8.396211E-04	61.18336105
8.400496E-04	56.60445786
8.404781E-04	52.63908768
8.409067E-04	49.17485046
8.413351E-04	46.13201904
8.417635E-04	43.44482422
8.421920E-04	41.05949783
8.430490E-04	36.99389267
8.439061E-04	33.65179443
8.447631E-04	30.87666893
8.456202E-04	28.54124451
8.464771E-04	26.55189514
8.473342E-04	24.83838272
8.481915E-04	23.34877968
8.490482E-04	22.04258156
8.499052E-04	20.88827324
8.507626E-04	19.86156082
8.516193E-04	18.95001602
8.533333E-04	17.37843895
8.550475E-04	16.06928635
8.567615E-04	14.96803093
8.584754E-04	14.02755451
8.601894E-04	13.21369171
8.619033E-04	12.50122643
8.636173E-04	11.87094402
8.653316E-04	11.30809402
8.670454E-04	10.80121994
8.687595E-04	10.34108257
8.704735E-04	9.922184944
8.739016E-04	9.177384377
8.773296E-04	8.528606415
8.807577E-04	7.952507019
8.841858E-04	7.430109024
8.876137E-04	6.946940422
8.910419E-04	6.491438866
8.944696E-04	6.053867817
8.978978E-04	5.62561512
9.013258E-04	5.198558807
9.047541E-04	4.764526844
9.081820E-04	4.315404415
9.098961E-04	4.082292557
9.116098E-04	3.841287374
9.133241E-04	3.591304779
9.150382E-04	3.330880642
9.167521E-04	3.05856061
9.184662E-04	2.772814751
9.201800E-04	2.472515345
9.218944E-04	2.15686512
9.236083E-04	1.826785445
9.244652E-04	1.657096028
9.253222E-04	1.48479259
9.261792E-04	1.311398029
9.270363E-04	1.138801575
9.278934E-04	0.969750702
9.287502E-04	0.808421314
9.296073E-04	0.660355568
9.300358E-04	0.594121933
9.304645E-04	0.535283923
9.308928E-04	0.485786408
9.313213E-04	0.447883397
9.317499E-04	0.424428642
9.321784E-04	0.419099629
9.323927E-04	0.42472133
9.327141E-04	0.445556343
9.329282E-04	0.468936712
9.330352E-04	0.48380807
9.332497E-04	0.520651698
9.334637E-04	0.567760706
9.336779E-04	0.626544774
9.338923E-04	0.698452711
9.341065E-04	0.785193324
9.343206E-04	0.888627589
9.345349E-04	1.011081696
9.347493E-04	1.155296922
9.349636E-04	1.324182391
9.351779E-04	1.521038055
9.353922E-04	1.750064254
9.356065E-04	2.016002893
9.358206E-04	2.324112892
9.360350E-04	2.681513071
9.362492E-04	3.095291376
9.364635E-04	3.575431824
9.366776E-04	4.131519318
9.368917E-04	4.778211117
9.371060E-04	5.531058311
9.373202E-04	6.4095788
9.375348E-04	7.438739777
9.377489E-04	8.645065308
9.379629E-04	10.06566334
9.381773E-04	11.75103378
9.383918E-04	13.75762463
9.386060E-04	16.15858078
9.388203E-04	19.05362701
9.390347E-04	22.57236481
9.392489E-04	26.88936424
9.393560E-04	29.41887093
9.394630E-04	32.23907471
9.395701E-04	35.40563583
9.396771E-04	38.96099854
9.397843E-04	42.9836235
9.398914E-04	47.5377121
9.399984E-04	52.73677826
9.401058E-04	58.6919899
9.402128E-04	65.53710938
9.403197E-04	73.46466827
9.404270E-04	82.72098541
9.405340E-04	93.55799866
9.406415E-04	106.4009018
9.407486E-04	121.6040344
9.408558E-04	139.8026886
9.409629E-04	161.6111298
9.410700E-04	187.8796387
9.411770E-04	219.5719147
9.412841E-04	257.7855225
9.413912E-04	303.7177734
9.414985E-04	358.7111206
9.416056E-04	423.7280884
9.417127E-04	499.8105774
9.418200E-04	587.6848145
9.418735E-04	635.9178467
9.419806E-04	740.7355957
9.421412E-04	915.663208
9.424625E-04	1291.431763
9.425970E-04	1434.479736
9.426978E-04	1526.348267
9.427984E-04	1599.96936
9.428658E-04	1637.255859
9.429998E-04	1679.678467
9.431342E-04	1676.975098
9.432014E-04	1658.81665
9.432688E-04	1630.081055
9.434031E-04	1544.404175
9.436150E-04	1351.732544
9.438474E-04	1102.309937
9.440022E-04	937.7119751
9.440798E-04	859.9485474
9.442348E-04	718.1151733
9.443119E-04	655.088623
9.443894E-04	597.0840454
9.444671E-04	544.3939819
9.445444E-04	496.9546814
9.446218E-04	454.3503113
9.446992E-04	416.2407227
9.447766E-04	382.2495117
9.448542E-04	351.9128723
9.449316E-04	324.9972534
9.450089E-04	301.0496521
9.450866E-04	279.6720276
9.451639E-04	260.6557922
9.452414E-04	243.6580811
9.453964E-04	214.7028656
9.455512E-04	191.2070923
9.457061E-04	171.8696594
9.458611E-04	155.7342377
9.460160E-04	142.1456146
9.461708E-04	130.5758362
9.463256E-04	120.6037827
9.464806E-04	111.9455566
9.466355E-04	104.3687744
9.467905E-04	97.68275452
9.469455E-04	91.76651764
9.472551E-04	81.74241638
9.475650E-04	73.59892273
9.478748E-04	66.8729248
9.481845E-04	61.24419022
9.484943E-04	56.47119904
9.488043E-04	52.38610077
9.491137E-04	48.85648346
9.494238E-04	45.77786255
9.497335E-04	43.07712936
9.500437E-04	40.6898613
9.503532E-04	38.57023621
9.509729E-04	34.96175385
9.515926E-04	32.00387192
9.522121E-04	29.54449654
9.528317E-04	27.47296143
9.534514E-04	25.70733452
9.540709E-04	24.18630981
9.546906E-04	22.8625946
9.553103E-04	21.7011261
9.559299E-04	20.67450905
9.565495E-04	19.76027679
9.571692E-04	18.94141197
9.577887E-04	18.20514107
9.584085E-04	17.54189301
9.596478E-04	16.38347054
9.608869E-04	15.40213585
9.621263E-04	14.56433964
9.633655E-04	13.84027863
9.646047E-04	13.2073822
9.658439E-04	12.64871025
9.670834E-04	12.15114594
9.683225E-04	11.70455074
9.695617E-04	11.30079079
9.708008E-04	10.93565655
9.732793E-04	10.29095268
9.757578E-04	9.73600769
9.782361E-04	9.25138092
9.807148E-04	8.820571899
9.831932E-04	8.431298256
9.856714E-04	8.073969841
9.881500E-04	7.740800858
9.906287E-04	7.42522049
9.931071E-04	7.121314526
9.955855E-04	6.823322296
9.980639E-04	6.525217056
1.000543E-03	6.220472336
1.003021E-03	5.900414467
1.004260E-03	5.730910778
1.005500E-03	5.552569866
1.006739E-03	5.363329887
1.007978E-03	5.160084724
1.009218E-03	4.939575195
1.009838E-03	4.821390152
1.011076E-03	4.564514637
1.011696E-03	4.42386198
1.012315E-03	4.27393961
1.012935E-03	4.112920284
1.013555E-03	3.939429045
1.014174E-03	3.7520082
1.014794E-03	3.547861099
1.015414E-03	3.325184107
1.016034E-03	3.081782341
1.016344E-03	2.951556683
1.016653E-03	2.815727711
1.016963E-03	2.673327446
1.017273E-03	2.52509737
1.017583E-03	2.371528149
1.017892E-03	2.214211702
1.018202E-03	2.054444313
1.018511E-03	1.897049189
1.018821E-03	1.747496605
1.019131E-03	1.618061423
1.019286E-03	1.566957474
1.019440E-03	1.530153394
1.019595E-03	1.512928009
1.019750E-03	1.523581147
1.019905E-03	1.574096203
1.020060E-03	1.682646513
1.020137E-03	1.766885042
1.020215E-03	1.879106522
1.020293E-03	2.026049614
1.020370E-03	2.213517427
1.020448E-03	2.459276676
1.020487E-03	2.607828617
1.020525E-03	2.773200035
1.020583E-03	3.069784641
1.020641E-03	3.430902958
1.020680E-03	3.716316938
1.020719E-03	4.044508934
1.020758E-03	4.41820097
1.020796E-03	4.838822365
1.020835E-03	5.327928066
1.020874E-03	5.891593933
1.020912E-03	6.516301155
1.020951E-03	7.254590034
1.020990E-03	8.096372604
1.021029E-03	9.065896988
1.021068E-03	10.17003632
1.021107E-03	11.43966198
1.021145E-03	12.85001183
1.021184E-03	14.49113655
1.021222E-03	16.31789398
1.021261E-03	18.43654251
1.021299E-03	20.78612518
1.021338E-03	23.5000248
1.021376E-03	26.49635315
1.021415E-03	29.94066238
1.021454E-03	33.83216858
1.021492E-03	38.07324982
1.021531E-03	42.90723801
1.021570E-03	48.31959915
1.021609E-03	54.29595184
1.021648E-03	60.94198608
1.021687E-03	68.22883606
1.021725E-03	76.05181122
1.021764E-03	84.78473663
1.021841E-03	104.3941345
1.021880E-03	115.5905304
1.021958E-03	140.4827576
1.021996E-03	153.8015289
1.022074E-03	183.7159271
1.022190E-03	233.8994751
1.022539E-03	405.0241699
1.022635E-03	448.941925
1.022751E-03	494.0333862
1.022849E-03	522.8115845
1.022943E-03	540.5596313
1.023019E-03	547.1661377
1.023133E-03	543.6202393
1.023239E-03	526.3947754
1.023327E-03	502.9216003
1.023397E-03	479.3719177
1.023503E-03	437.1481628
1.023678E-03	357.9337769
1.023784E-03	308.7920227
1.023924E-03	247.6399841
1.023994E-03	219.6907654
1.024064E-03	193.9521484
1.024134E-03	170.6596832
1.024204E-03	149.739624
1.024274E-03	131.2390289
1.024344E-03	115.1050873
1.024415E-03	100.9025116
1.024485E-03	88.93888855
1.024555E-03	78.71769714
1.024625E-03	70.06552124
1.024696E-03	62.69610214
1.024766E-03	56.59904099
1.024836E-03	51.46567535
1.024906E-03	47.15501022
1.024977E-03	43.48764801
1.025047E-03	40.43588257
1.025117E-03	37.8344574
1.025187E-03	35.60912704
1.025257E-03	33.69617462
1.025328E-03	32.00550461
1.025398E-03	30.55050278
1.025468E-03	29.26030922
1.025538E-03	28.11379433
1.025679E-03	26.13971138
1.025819E-03	24.51668167
1.025960E-03	23.13558578
1.026100E-03	21.95968246
1.026241E-03	20.92721367
1.026381E-03	20.0258522
1.026522E-03	19.22137451
1.026662E-03	18.50646973
1.026803E-03	17.85945129
1.027084E-03	16.74483871
1.027365E-03	15.81532669
1.027646E-03	15.0267868
1.027927E-03	14.35015678
1.028208E-03	13.76270199
1.028489E-03	13.24780464
1.028770E-03	12.79305458
1.029051E-03	12.38816833
1.029613E-03	11.69814396
1.029894E-03	11.40174389
1.030456E-03	10.88402748
1.031018E-03	10.44543076
1.031579E-03	10.06931973
1.032141E-03	9.741734505
1.032703E-03	9.454224586
1.033264E-03	9.199668884
1.034388E-03	8.766324997
1.035511E-03	8.411327362
1.036635E-03	8.11196804
1.037759E-03	7.85333395
1.038883E-03	7.627484322
1.040007E-03	7.427520752
1.042253E-03	7.086230278
1.043377E-03	6.937833786
1.045625E-03	6.674781322
1.047873E-03	6.445225239
1.050120E-03	6.239831448
1.054615E-03	5.881617069
1.059109E-03	5.570846081
1.063604E-03	5.289875031
1.068099E-03	5.028021336
1.072594E-03	4.778762817
1.077089E-03	4.537094116
1.081583E-03	4.299232006
1.086078E-03	4.061935425
1.090573E-03	3.822534084
1.095068E-03	3.578499794
1.099563E-03	3.327415943
1.104057E-03	3.066897154
1.108552E-03	2.794344187
1.113047E-03	2.50726223
1.117542E-03	2.203436852
1.119789E-03	2.044617176
1.124283E-03	1.711337566
1.126531E-03	1.537037134
1.128779E-03	1.358034492
1.131026E-03	1.175175309
1.133273E-03	0.989785373
1.135521E-03	0.804247975
1.137769E-03	0.622843087
1.140016E-03	0.451895565
1.141139E-03	0.373581231
1.142263E-03	0.302828997
1.142824E-03	0.271080703
1.143386E-03	0.242344111
1.143948E-03	0.217108384
1.144510E-03	0.195881128
1.145072E-03	0.179259717
1.145634E-03	0.167931765
1.146196E-03	0.162686765
1.146477E-03	0.162675649
1.146828E-03	0.165424138
1.146951E-03	0.167170674
1.147039E-03	0.168681219
1.147320E-03	0.175041333
1.147601E-03	0.183872715
1.147882E-03	0.195327222
1.148443E-03	0.226745278
1.149005E-03	0.271002889
1.149567E-03	0.33015281
1.149848E-03	0.366196811
1.150128E-03	0.406866014
1.150409E-03	0.452920407
1.150690E-03	0.504559398
1.150971E-03	0.562405825
1.151252E-03	0.626838088
1.151533E-03	0.69846034
1.151814E-03	0.777894378
1.152095E-03	0.865755558
1.152376E-03	0.962939501
1.152657E-03	1.070219636
1.152938E-03	1.188425899
1.153219E-03	1.318659425
1.153500E-03	1.461934924
1.153781E-03	1.619856954
1.154062E-03	1.793329835
1.154343E-03	1.984139442
1.154624E-03	2.194191456
1.154905E-03	2.425104141
1.155186E-03	2.679210186
1.155467E-03	2.958959579
1.155748E-03	3.267107248
1.156029E-03	3.606486082
1.156310E-03	3.980828762
1.156591E-03	4.394115448
1.156872E-03	4.85087347
1.157152E-03	5.354203224
1.157433E-03	5.91394043
1.157714E-03	6.535013199
1.157995E-03	7.224690914
1.158276E-03	7.992485046
1.158557E-03	8.84961319
1.158838E-03	9.807011604
1.159118E-03	10.87523174
1.159399E-03	12.07843113
1.159680E-03	13.43445683
1.159961E-03	14.96482849
1.160242E-03	16.69880486
1.160523E-03	18.6703434
1.160804E-03	20.92054176
1.161085E-03	23.49728584
1.161366E-03	26.4660511
1.161647E-03	29.90106201
1.161928E-03	33.89398575
1.162209E-03	38.56678391
1.162490E-03	44.07144547
1.162771E-03	50.60331345
1.163052E-03	58.40946198
1.163333E-03	67.83554077
1.163614E-03	79.31173706
1.163895E-03	93.45030975
1.164176E-03	111.0931168
1.164317E-03	121.6265411
1.164457E-03	133.4307556
1.164598E-03	146.9223938
1.164738E-03	162.1661682
1.164879E-03	179.7050018
1.165019E-03	199.7139282
1.165160E-03	222.9575043
1.165300E-03	249.6309814
1.165441E-03	280.760376
1.165581E-03	316.7077942
1.165722E-03	358.7738037
1.165862E-03	407.3460999
1.166002E-03	463.5074158
1.166143E-03	528.8679199
1.166283E-03	602.947937
1.166424E-03	687.4639893
1.166564E-03	781.2484741
1.166704E-03	883.991272
1.167239E-03	1323.543457
1.167429E-03	1470.924438
1.167619E-03	1594.350342
1.167746E-03	1657.432617
1.167873E-03	1701.571167
1.168000E-03	1724.763062
1.168127E-03	1726.063354
1.168254E-03	1705.677368
1.168381E-03	1664.927856
1.168571E-03	1571.179321
1.168761E-03	1447.708984
1.168888E-03	1354.588745
1.169232E-03	1089.821167
1.169557E-03	859.4331055
1.169775E-03	727.7617798
1.169883E-03	670.140564
1.170100E-03	569.541626
1.170317E-03	486.8511353
1.170534E-03	419.5905151
1.170751E-03	364.843689
1.170968E-03	320.0903625
1.171185E-03	283.2442627
1.171402E-03	252.6756287
1.171619E-03	227.0339355
1.171836E-03	205.377182
1.172053E-03	186.9104156
1.172270E-03	171.0232544
1.172487E-03	157.2816315
1.172704E-03	145.2997742
1.172921E-03	134.7832336
1.173138E-03	125.503685
1.173355E-03	117.2505188
1.173789E-03	103.2681503
1.174223E-03	91.90599823
1.174657E-03	82.55078888
1.175091E-03	74.74106598
1.175525E-03	68.14272308
1.175959E-03	62.51749039
1.176393E-03	57.67136002
1.176827E-03	53.46139145
1.177261E-03	49.7787323
1.177695E-03	46.53553772
1.178129E-03	43.66482925
1.178563E-03	41.11126709
1.179431E-03	36.75205612
1.180299E-03	33.16439819
1.181167E-03	30.17615318
1.182035E-03	27.65618134
1.182903E-03	25.50418854
1.183771E-03	23.64640999
1.184639E-03	22.02590561
1.185507E-03	20.60054779
1.186375E-03	19.33586502
1.187242E-03	18.20776367
1.188110E-03	17.19844818
1.189846E-03	15.44277096
1.191582E-03	13.95691967
1.193318E-03	12.6811018
1.195054E-03	11.56295967
1.196790E-03	10.56360817
1.198526E-03	9.653560638
1.200262E-03	8.809004784
1.201998E-03	8.010373116
1.203734E-03	7.240828037
1.205470E-03	6.485008717
1.207206E-03	5.728951931
1.208074E-03	5.346644878
1.208942E-03	4.958752632
1.209810E-03	4.563747883
1.210677E-03	4.161036015
1.211545E-03	3.748214006
1.212413E-03	3.325661898
1.213281E-03	2.893762589
1.214149E-03	2.455447197
1.215017E-03	2.016798496
1.215451E-03	1.801156998
1.215885E-03	1.591273785
1.216319E-03	1.391009688
1.216753E-03	1.205394745
1.217187E-03	1.04212451
1.217404E-03	0.972059727
1.217621E-03	0.912020564
1.217838E-03	0.863998413
1.218055E-03	0.830608606
1.218272E-03	0.814940512
1.218489E-03	0.820693016
1.218706E-03	0.85249424
1.218923E-03	0.915921628
1.219140E-03	1.017981529
1.219357E-03	1.167401195
1.219465E-03	1.262662411
1.219574E-03	1.375169754
1.219682E-03	1.50472188
1.219791E-03	1.655241966
1.219900E-03	1.82874918
1.220008E-03	2.025495529
1.220116E-03	2.250166893
1.220225E-03	2.508492947
1.220333E-03	2.800837994
1.220442E-03	3.1355021
1.220551E-03	3.517023087
1.220659E-03	3.946312904
1.220768E-03	4.438540936
1.220876E-03	4.994012833
1.220984E-03	5.626421928
1.221093E-03	6.355480194
1.221202E-03	7.187592983
1.221310E-03	8.132923126
1.221418E-03	9.218184471
1.221527E-03	10.47930145
1.221635E-03	11.92603493
1.221744E-03	13.62467575
1.221853E-03	15.60551643
1.221961E-03	17.91208839
1.222070E-03	20.65382767
1.222178E-03	23.89404869
1.222286E-03	27.7726059
1.222395E-03	32.49170303
1.222504E-03	38.23107147
1.222612E-03	45.19301605
1.222720E-03	53.72810364
1.222829E-03	64.37477112
1.222884E-03	70.6960907
1.222938E-03	77.58969116
1.222992E-03	85.22058868
1.223046E-03	93.73432922
1.223101E-03	103.3539352
1.223155E-03	113.9031296
1.223209E-03	125.4891586
1.223263E-03	138.3482666
1.223317E-03	152.4716644
1.223371E-03	168.0758057
1.223480E-03	204.2613525
1.223534E-03	224.7177124
1.223589E-03	247.3242798
1.223697E-03	297.3269958
1.223805E-03	354.6732178
1.223968E-03	454.8891907
1.224131E-03	568.409668
1.224403E-03	770.2218628
1.224565E-03	882.2958984
1.224673E-03	946.8411255
1.224836E-03	1021.290527
1.225000E-03	1060.873413
1.225054E-03	1065.351074
1.225164E-03	1061.03064
1.225218E-03	1052.438354
1.225381E-03	1002.845825
1.225562E-03	913.5256348
1.225752E-03	795.0524902
1.226070E-03	584.2193604
1.226260E-03	470.8670654
1.226323E-03	437.1842651
1.226450E-03	375.6193542
1.226577E-03	322.7106018
1.226704E-03	278.0623474
1.226831E-03	240.8948364
1.226958E-03	210.234314
1.227085E-03	185.0595703
1.227212E-03	164.4008331
1.227339E-03	147.3963165
1.227466E-03	133.3161774
1.227593E-03	121.5630493
1.227719E-03	111.7410431
1.227846E-03	103.3022614
1.227973E-03	96.05063629
1.228100E-03	89.76024628
1.228227E-03	84.2558136
1.228354E-03	79.40878296
1.228481E-03	75.09469604
1.228735E-03	67.77485657
1.228989E-03	61.79191208
1.229242E-03	56.84342957
1.229496E-03	52.64943314
1.229750E-03	49.06853104
1.230003E-03	45.98903275
1.230257E-03	43.29957962
1.230511E-03	40.93854904
1.230765E-03	38.84889984
1.231019E-03	36.99014282
1.231272E-03	35.33017731
1.231526E-03	33.82818985
1.232033E-03	31.23303986
1.232541E-03	29.06160355
1.233049E-03	27.22374153
1.233556E-03	25.65275764
1.234063E-03	24.29200745
1.234571E-03	23.10039902
1.235079E-03	22.04955673
1.235586E-03	21.11818695
1.236094E-03	20.28490829
1.236601E-03	19.53840446
1.237616E-03	18.24382591
1.238631E-03	17.15579605
1.239646E-03	16.23130608
1.240661E-03	15.43495178
1.241676E-03	14.74069881
1.242691E-03	14.12879276
1.243706E-03	13.58456993
1.245736E-03	12.65893555
1.247766E-03	11.89296341
1.249796E-03	11.2405529
1.251826E-03	10.67784405
1.253856E-03	10.18453503
1.255886E-03	9.745963097
1.257916E-03	9.351338387
1.261976E-03	8.664442062
1.266036E-03	8.076148987
1.270096E-03	7.556209087
1.274156E-03	7.086849213
1.278216E-03	6.654257774
1.282276E-03	6.248185635
1.286336E-03	5.860742569
1.290397E-03	5.485467434
1.294457E-03	5.117096424
1.298517E-03	4.750761509
1.302577E-03	4.381947994
1.306637E-03	4.006302357
1.310698E-03	3.619285107
1.314758E-03	3.216862202
1.316788E-03	3.008414268
1.318818E-03	2.793890476
1.322878E-03	2.345292091
1.324908E-03	2.110327959
1.326938E-03	1.867935658
1.328969E-03	1.618328333
1.330999E-03	1.362863541
1.333029E-03	1.104053974
1.335059E-03	0.846772432
1.336074E-03	0.72157979
1.337089E-03	0.601490676
1.338104E-03	0.489222586
1.339119E-03	0.388473392
1.339626E-03	0.344233692
1.340134E-03	0.305390507
1.340642E-03	0.273165226
1.341149E-03	0.248873696
1.341656E-03	0.234070048
1.342164E-03	0.230783716
1.342607E-03	0.239451647
1.342655E-03	0.241126478
1.342734E-03	0.24423039
1.343052E-03	0.261247545
1.343179E-03	0.270220608
1.343433E-03	0.292251378
1.343687E-03	0.320209593
1.343940E-03	0.354597569
1.344194E-03	0.396400601
1.344448E-03	0.446332932
1.344701E-03	0.505097806
1.344955E-03	0.574126244
1.345209E-03	0.654552102
1.345463E-03	0.747596025
1.345717E-03	0.854888558
1.345970E-03	0.977725923
1.346224E-03	1.119069576
1.346478E-03	1.280853987
1.346732E-03	1.465808511
1.346986E-03	1.677100182
1.347240E-03	1.91817522
1.347494E-03	2.19378829
1.347748E-03	2.508790016
1.348001E-03	2.86700058
1.348255E-03	3.279481411
1.348509E-03	3.752315521
1.348762E-03	4.293775558
1.349016E-03	4.920032978
1.349270E-03	5.643968105
1.349524E-03	6.483644485
1.349778E-03	7.460348606
1.350031E-03	8.598955154
1.350285E-03	9.940380096
1.350539E-03	11.52550411
1.350792E-03	13.40277004
1.351046E-03	15.65876579
1.351300E-03	18.38559723
1.351553E-03	21.68967056
1.351807E-03	25.7795105
1.351934E-03	28.18483925
1.352061E-03	30.8875885
1.352188E-03	33.92544937
1.352315E-03	37.36102676
1.352442E-03	41.27269363
1.352569E-03	45.73265457
1.352696E-03	50.86511993
1.352823E-03	56.78414917
1.352949E-03	63.59530258
1.353076E-03	71.64839172
1.353203E-03	81.11251831
1.353330E-03	92.32228088
1.353457E-03	105.6732635
1.353583E-03	121.5163803
1.353710E-03	140.6611786
1.353837E-03	163.6679382
1.353964E-03	191.2910309
1.354091E-03	224.3431396
1.354218E-03	263.6471863
1.354345E-03	309.962738
1.354472E-03	363.8851929
1.354599E-03	425.7223206
1.354726E-03	495.2198486
1.354853E-03	571.963501
1.355360E-03	911.9170532
1.355520E-03	1009.49292
1.355640E-03	1071.626587
1.355760E-03	1120.998779
1.355840E-03	1145.568237
1.356000E-03	1172.442627
1.356160E-03	1167.98291
1.356240E-03	1154.180542
1.356360E-03	1120.009521
1.356480E-03	1071.528687
1.356560E-03	1032.456787
1.356839E-03	868.8165894
1.357137E-03	679.2524414
1.357336E-03	562.0120239
1.357435E-03	509.1060486
1.357535E-03	459.7729797
1.357634E-03	415.3476563
1.357733E-03	375.2157593
1.357832E-03	339.2424316
1.357932E-03	306.8359375
1.358031E-03	278.4687805
1.358130E-03	253.4066467
1.358229E-03	231.3101349
1.358328E-03	211.8450012
1.358427E-03	194.6548462
1.358527E-03	179.3919983
1.358626E-03	166.0357666
1.358725E-03	154.1971283
1.358825E-03	143.5753479
1.359024E-03	125.6947861
1.359223E-03	111.2806244
1.359422E-03	99.4703064
1.359620E-03	89.70040894
1.359819E-03	81.43753815
1.360018E-03	74.40751648
1.360217E-03	68.36672211
1.360416E-03	63.12965012
1.360614E-03	58.57837296
1.360813E-03	54.54613876
1.361011E-03	50.98883438
1.361408E-03	44.96274567
1.361805E-03	40.06587982
1.362203E-03	36.02022552
1.362601E-03	32.63492203
1.362998E-03	29.77171707
1.363396E-03	27.31574249
1.363793E-03	25.19453621
1.364190E-03	23.34402275
1.364588E-03	21.71198654
1.364986E-03	20.26933289
1.365383E-03	18.98607635
1.366177E-03	16.79289246
1.366971E-03	14.97986698
1.367766E-03	13.45648003
1.368561E-03	12.15898514
1.369355E-03	11.04028511
1.370150E-03	10.06060123
1.370945E-03	9.194358826
1.371740E-03	8.421581268
1.372534E-03	7.729710102
1.374124E-03	6.518815994
1.375713E-03	5.483376503
1.377302E-03	4.583086967
1.378892E-03	3.785695553
1.380481E-03	3.071585178
1.382071E-03	2.427632332
1.383661E-03	1.847344041
1.384456E-03	1.5815171
1.385250E-03	1.334951639
1.386044E-03	1.107900858
1.386839E-03	0.901742995
1.387237E-03	0.807522595
1.387634E-03	0.72030282
1.388031E-03	0.640370309
1.388428E-03	0.568368077
1.388825E-03	0.504930794
1.389223E-03	0.450715005
1.389620E-03	0.406982213
1.390018E-03	0.374558508
1.390416E-03	0.354798168
1.390813E-03	0.349073142
1.391210E-03	0.35890919
1.391607E-03	0.386094391
1.392005E-03	0.432762414
1.392402E-03	0.500999391
1.392800E-03	0.593860388
1.393197E-03	0.713918805
1.393396E-03	0.785462976
1.393594E-03	0.865018725
1.393792E-03	0.953271985
1.393991E-03	1.0515275
1.394189E-03	1.159370065
1.394388E-03	1.278380394
1.394587E-03	1.409080029
1.394786E-03	1.55193305
1.394985E-03	1.708116412
1.395184E-03	1.878140807
1.395581E-03	2.263400793
1.395978E-03	2.716797352
1.396375E-03	3.248901844
1.396772E-03	3.871694326
1.397170E-03	4.602543831
1.397568E-03	5.456783772
1.397965E-03	6.453296661
1.398363E-03	7.622297287
1.398760E-03	8.988832474
1.399157E-03	10.59188366
1.399554E-03	12.47811413
1.399951E-03	14.70431328
1.400349E-03	17.34833717
1.400747E-03	20.49295235
1.401144E-03	24.24339294
1.401542E-03	28.76292992
1.401939E-03	34.21580887
1.402336E-03	40.85416412
1.402734E-03	49.01739502
1.402933E-03	53.79953384
1.403132E-03	59.13866425
1.403331E-03	65.11738586
1.403529E-03	71.79855347
1.403728E-03	79.35186768
1.403926E-03	87.85667419
1.404125E-03	97.54808044
1.404323E-03	108.5088882
1.404521E-03	121.0217438
1.404720E-03	135.4544373
1.404918E-03	151.964798
1.405117E-03	171.1593475
1.405315E-03	193.2902527
1.405514E-03	219.2140961
1.405713E-03	249.4685211
1.405912E-03	284.9039307
1.406111E-03	326.464325
1.406310E-03	375.198822
1.406509E-03	432.214386
1.406707E-03	498.2409973
1.406906E-03	574.8206787
1.407104E-03	661.7255859
1.407303E-03	759.5605469
1.407502E-03	867.1245728
1.407876E-03	1086.384033
1.408157E-03	1251.663086
1.408438E-03	1399.229858
1.408625E-03	1478.731445
1.408813E-03	1537.882446
1.409000E-03	1572.717651
1.409188E-03	1581.642212
1.409375E-03	1564.645386
1.409562E-03	1523.68457
1.409749E-03	1462.288574
1.410124E-03	1295.840576
1.410498E-03	1104.633179
1.410894E-03	909.510498
1.411092E-03	821.5062866
1.411289E-03	742.1408691
1.411486E-03	670.8378906
1.411684E-03	607.2662354
1.411882E-03	551.2948608
1.412080E-03	502.1176453
1.412277E-03	459.15802
1.412475E-03	421.2408142
1.412672E-03	388.0444336
1.412870E-03	358.6187134
1.413068E-03	332.588501
1.413266E-03	309.479126
1.413464E-03	288.884491
1.413661E-03	270.5443115
1.414056E-03	239.1484985
1.414451E-03	213.4498596
1.414846E-03	192.148819
1.415242E-03	174.2546539
1.415637E-03	159.1507874
1.416032E-03	146.238205
1.416427E-03	135.0969849
1.416823E-03	125.4037399
1.417219E-03	116.9176331
1.417614E-03	109.469902
1.418009E-03	102.8768692
1.418404E-03	97.00751495
1.419195E-03	86.99764252
1.419985E-03	78.79727173
1.420776E-03	71.9745636
1.421566E-03	66.24423218
1.422356E-03	61.3712883
1.423147E-03	57.17761612
1.423938E-03	53.53883743
1.424729E-03	50.35611725
1.425520E-03	47.55220413
1.426310E-03	45.06638336
1.427101E-03	42.84955978
1.427891E-03	40.87389755
1.429472E-03	37.46042252
1.431053E-03	34.61153412
1.432635E-03	32.21325684
1.434216E-03	30.16991234
1.435797E-03	28.40678024
1.437378E-03	26.87001228
1.438959E-03	25.51787186
1.440541E-03	24.31749344
1.442122E-03	23.2453537
1.443703E-03	22.28033447
1.445284E-03	21.41208076
1.448447E-03	19.89060783
1.451609E-03	18.59597397
1.454771E-03	17.47888565
1.457933E-03	16.49827957
1.461096E-03	15.6232214
1.464259E-03	14.83027935
1.467421E-03	14.10072899
1.470583E-03	13.41840744
1.473746E-03	12.7691288
1.476908E-03	12.14017773
1.480071E-03	11.51780128
1.483234E-03	10.88825798
1.486396E-03	10.23368454
1.487977E-03	9.889582634
1.491139E-03	9.149175644
1.492720E-03	8.742517471
1.494302E-03	8.302060127
1.495883E-03	7.820712566
1.497464E-03	7.284495831
1.498255E-03	6.989869595
1.499045E-03	6.674993515
1.499835E-03	6.336938858
1.500626E-03	5.971377373
1.501417E-03	5.574996471
1.502208E-03	5.143824577
1.502999E-03	4.673512936
1.503789E-03	4.160102844
1.504184E-03	3.885872364
1.504579E-03	3.600290775
1.504974E-03	3.303834438
1.505370E-03	2.997865438
1.505766E-03	2.686279297
1.506161E-03	2.375988245
1.506556E-03	2.076060295
1.506951E-03	1.804723263
1.507149E-03	1.688521981
1.507346E-03	1.593479872
1.507543E-03	1.527129292
1.507741E-03	1.500470161
1.507938E-03	1.529694915
1.508037E-03	1.572305679
1.508136E-03	1.638049603
1.508235E-03	1.731982231
1.508334E-03	1.859728217
1.508433E-03	2.027996063
1.508532E-03	2.247313738
1.508630E-03	2.523792982
1.508729E-03	2.879620075
1.508828E-03	3.330744028
1.508927E-03	3.901910067
1.508977E-03	4.245867729
1.509026E-03	4.625316143
1.509076E-03	5.061378002
1.509125E-03	5.54026413
1.509175E-03	6.096755981
1.509224E-03	6.705672264
1.509274E-03	7.41023922
1.509323E-03	8.189740181
1.509373E-03	9.088066101
1.509422E-03	10.08252811
1.509471E-03	11.1985817
1.509521E-03	12.49140358
1.509571E-03	13.96124458
1.509620E-03	15.57124996
1.509669E-03	17.39465904
1.509719E-03	19.48168945
1.509769E-03	21.85942268
1.509818E-03	24.45508957
1.509867E-03	27.38270187
1.509917E-03	30.73471832
1.509967E-03	34.49355316
1.510016E-03	38.61141205
1.510065E-03	43.17523193
1.510114E-03	48.27380371
1.510164E-03	54.0194931
1.510213E-03	60.31744003
1.510262E-03	67.19361877
1.510312E-03	74.99607849
1.510411E-03	92.61764526
1.510460E-03	102.5144272
1.510560E-03	125.5297699
1.510609E-03	138.0688019
1.510708E-03	166.321106
1.510807E-03	198.2167053
1.510955E-03	252.4500732
1.511103E-03	313.2415161
1.511251E-03	377.823761
1.511498E-03	484.1546936
1.511621E-03	530.9302979
1.511733E-03	567.0067749
1.511885E-03	602.9228516
1.512000E-03	618.355896
1.512115E-03	622.7914429
1.512267E-03	611.8409424
1.512403E-03	587.0661011
1.512550E-03	547.0925903
1.512797E-03	459.7055054
1.513091E-03	346.2966614
1.513189E-03	310.5895996
1.513287E-03	277.2492065
1.513385E-03	246.5241241
1.513483E-03	218.8741608
1.513581E-03	194.0944824
1.513679E-03	172.3357849
1.513777E-03	153.3831177
1.513876E-03	136.8664703
1.513974E-03	122.8627243
1.514073E-03	110.8067245
1.514171E-03	100.644516
1.514269E-03	92.03713989
1.514368E-03	84.65133667
1.514466E-03	78.42529297
1.514564E-03	73.09638214
1.514662E-03	68.51035309
1.514760E-03	64.53822327
1.514859E-03	61.04043198
1.514957E-03	58.00016403
1.515055E-03	55.30909729
1.515153E-03	52.91026688
1.515251E-03	50.75765228
1.515448E-03	47.03203201
1.515645E-03	43.93315887
1.515841E-03	41.32519531
1.516037E-03	39.08099747
1.516234E-03	37.12058258
1.516430E-03	35.41076279
1.516626E-03	33.89471054
1.516823E-03	32.53570938
1.517019E-03	31.3233242
1.517411E-03	29.2318325
1.517804E-03	27.48809624
1.518197E-03	26.01281929
1.518590E-03	24.7494812
1.518982E-03	23.65698051
1.519375E-03	22.69773865
1.519768E-03	21.85087013
1.520161E-03	21.09651756
1.520947E-03	19.81113815
1.521732E-03	18.75177765
1.522518E-03	17.85525322
1.523303E-03	17.08623695
1.524089E-03	16.41594696
1.524874E-03	15.82525444
1.525659E-03	15.29805374
1.526445E-03	14.82177162
1.528016E-03	13.99200535
1.529587E-03	13.27910995
1.531158E-03	12.64540958
1.532729E-03	12.07015228
1.534300E-03	11.53539658
1.535871E-03	11.02730179
1.537442E-03	10.53435802
1.539013E-03	10.0467577
1.540584E-03	9.555187225
1.542155E-03	9.050463676
1.543726E-03	8.522953033
1.545297E-03	7.963181496
1.546868E-03	7.35740757
1.547654E-03	7.031755447
1.549224E-03	6.326313496
1.550010E-03	5.940756798
1.550796E-03	5.529849052
1.551581E-03	5.091363907
1.552366E-03	4.622496605
1.553152E-03	4.120838165
1.553938E-03	3.587121487
1.554723E-03	3.025852203
1.555116E-03	2.737476587
1.555509E-03	2.448081255
1.555901E-03	2.162946224
1.556294E-03	1.887764812
1.556687E-03	1.634265661
1.557079E-03	1.419960499
1.557276E-03	1.334576845
1.557472E-03	1.270418286
1.557668E-03	1.232709169
1.557865E-03	1.228987813
1.558062E-03	1.269294381
1.558258E-03	1.365696788
1.558356E-03	1.440050125
1.558455E-03	1.535923243
1.558553E-03	1.65482378
1.558651E-03	1.800428629
1.558749E-03	1.977534056
1.558847E-03	2.189938068
1.558945E-03	2.44362402
1.559043E-03	2.74606514
1.559141E-03	3.103616953
1.559240E-03	3.532516956
1.559338E-03	4.033456802
1.559436E-03	4.627286911
1.559534E-03	5.328319073
1.559632E-03	6.159393311
1.559730E-03	7.149889946
1.559828E-03	8.327859879
1.559926E-03	9.736997604
1.560024E-03	11.42892361
1.560123E-03	13.49713135
1.560221E-03	15.96256542
1.560319E-03	18.96970749
1.560417E-03	22.62953568
1.560467E-03	24.78426933
1.560516E-03	27.12924957
1.560565E-03	29.70511055
1.560614E-03	32.56390381
1.560664E-03	35.77190399
1.560713E-03	39.26089478
1.560811E-03	47.32809448
1.560909E-03	57.13235474
1.561007E-03	68.9299469
1.561105E-03	83.07315826
1.561203E-03	99.9029007
1.561301E-03	119.7556305
1.561399E-03	142.9424133
1.561497E-03	169.7227936
1.561595E-03	200.275528
1.561693E-03	234.7609253
1.561842E-03	294.1531982
1.561989E-03	360.2778015
1.562136E-03	431.619812
1.562382E-03	554.3052979
1.562529E-03	622.7330322
1.562683E-03	684.3106079
1.562895E-03	743.9917603
1.563000E-03	760.1671143
1.563052E-03	764.5772705
1.563158E-03	766.1011963
1.563370E-03	740.0339355
1.563565E-03	686.5139771
1.563780E-03	604.9871826
1.564136E-03	451.561615
1.564351E-03	365.2853699
1.564422E-03	339.3777771
1.564565E-03	291.9607849
1.564708E-03	250.9818726
1.564850E-03	216.6623383
1.564921E-03	201.678772
1.564993E-03	187.9194946
1.565064E-03	175.5834198
1.565136E-03	164.3055878
1.565207E-03	154.1925964
1.565279E-03	145.0006256
1.565350E-03	136.7932434
1.565422E-03	129.3036194
1.565565E-03	116.4633942
1.565708E-03	105.9349289
1.565851E-03	97.2098465
1.565994E-03	89.90441895
1.566137E-03	83.71949768
1.566280E-03	78.42492676
1.566422E-03	73.87497711
1.566565E-03	69.87000275
1.566708E-03	66.3349762
1.566851E-03	63.20675278
1.566993E-03	60.41819763
1.567136E-03	57.89924622
1.567422E-03	53.53709793
1.567708E-03	49.9082756
1.567994E-03	46.83506393
1.568280E-03	44.20217896
1.568565E-03	41.93202972
1.568851E-03	39.94072342
1.569137E-03	38.1852417
1.569422E-03	36.63445663
1.569708E-03	35.24409103
1.570280E-03	32.86454391
1.570852E-03	30.90115356
1.571423E-03	29.25569153
1.571995E-03	27.85353661
1.572566E-03	26.64962578
1.573137E-03	25.60258675
1.573709E-03	24.68235779
1.574281E-03	23.86815262
1.575424E-03	22.4948082
1.575995E-03	21.91171646
1.577138E-03	20.89745712
1.578281E-03	20.04256439
1.579424E-03	19.31447983
1.580567E-03	18.68658638
1.581710E-03	18.13876343
1.582853E-03	17.65598679
1.585139E-03	16.84249878
1.587425E-03	16.18117714
1.590854E-03	15.39168072
1.593141E-03	14.95738506
1.595427E-03	14.58055496
1.596570E-03	14.41035461
1.597713E-03	14.2800827
1.597999E-03	14.3143549
1.598284E-03	14.47692776
1.598570E-03	14.91982841
1.598713E-03	15.31631947
1.598856E-03	15.87617207
1.598999E-03	16.63344002
1.599141E-03	17.60798073
1.599284E-03	18.83472061
1.599427E-03	20.31224251
1.599570E-03	22.0265274
1.599713E-03	23.94663048
1.600001E-03	42.31036758
2.000000E-03	38.35165024
2.500000E-03	35.26850891
3.000000E-03	32.18535995
3.750000E-03	29.65893555
4.500000E-03	27.13250351
5.625000E-03	25.05838585
6.750001E-03	22.98426056
8.375000E-03	21.32424927
1.000000E-02	19.66423607
1.200000E-02	18.46752548
1.400000E-02	17.27082443
1.700000E-02	16.18802643
2.000000E-02	15.10521793
2.500000E-02	14.06368732
3.000000E-02	13.02214622
3.750000E-02	12.14164448
4.500000E-02	11.26113415
5.625000E-02	10.50735378
6.750000E-02	9.753578186
8.375000E-02	9.119361877
9.593752E-02	8.643699646
9.999999E-02	8.485145569
1.000001E-01	8.458397865
1.204494E-01	8.189720154
1.437709E-01	7.942060471
1.702074E-01	7.712848663
2.000000E-01	7.5
2.296231E-01	7.446214676
2.621101E-01	7.395107269
2.976055E-01	7.346436977
3.362500E-01	7.299999714
3.450000E-01	7.289999962
3.700000E-01	7.269999504
3.848700E-01	7.260000229
4.166800E-01	7.236999989
4.229700E-01	7.233000278
4.550000E-01	7.21999979
5.000000E-01	7.212999821
5.420000E-01	7.211999416
5.999998E-01	7.210000038
6.999999E-01	7.224999905
7.419599E-01	7.244999886
7.449799E-01	7.247001171
7.781999E-01	7.269998074
7.782009E-01	7.269999027
8.329999E-01	7.300013542
8.810001E-01	7.320000648
9.259998E-01	7.339998722
1.000000E+00	7.360002518
1.057100E+00	7.380000114
1.077200E+00	7.38599968
1.167800E+00	7.397999287
1.167805E+00	7.397998333
1.198000E+00	7.399985313
1.198007E+00	7.399983406
1.268500E+00	7.397997379
1.288600E+00	7.39700079
1.288613E+00	7.39699316
1.369200E+00	7.391012192
1.429600E+00	7.383000374
1.459800E+00	7.375000954
1.510100E+00	7.359985828
1.600000E+00	7.320000172
1.651000E+00	7.294501781
1.651035E+00	7.294479847
1.680000E+00	7.279999733
1.681200E+00	7.278883457
1.681237E+00	7.278844357
1.681238E+00	7.278960228
2.000000E+00	7.069999695
2.220840E+00	6.857361317
2.462466E+00	6.640233517
3.000000E+00	6.199999809
3.223232E+00	6.010309696
3.469837E+00	5.821850777
3.722031E+00	5.647890091
4.000000E+00	5.474200249
4.109352E+00	5.395189285
4.224689E+00	5.315536976
4.346509E+00	5.235153198
4.475370E+00	5.153943062
4.596184E+00	5.081063271
4.723526E+00	5.007369041
4.857930E+00	4.932782173
5.000000E+00	4.857211113
5.100619E+00	4.824229717
5.206924E+00	4.790587425
5.319448E+00	4.756206036
5.438817E+00	4.720997334
5.565628E+00	4.684899807
5.700785E+00	4.647779942
5.845209E+00	4.609522343
6.000000E+00	4.570000172
6.103939E+00	4.567909718
6.212939E+00	4.565743446
6.327410E+00	4.563480377
6.447823E+00	4.561103344
6.574629E+00	4.558592319
6.708474E+00	4.555923462
6.850011E+00	4.553068638
7.000000E+00	4.550000191
7.519298E+00	4.600372791
8.093100E+00	4.652499676
8.499999E+00	4.674999714
9.000000E+00	4.703999996
9.484453E+00	4.750939846
9.999999E+00	4.799999714
1.100000E+01	4.900000095
1.200000E+01	4.980000019
1.300000E+01	5.059999943
1.400000E+01	5.150000095
1.500000E+01	5.179999828
1.600000E+01	5.169999599
1.800000E+01	5.10199976
2.000000E+01	4.954000473