E(MeV)	Xe-124
1.000000E-11	36.1129551
1.029990E-11	35.5945228
1.060870E-11	35.0840163
1.092690E-11	34.5809261
1.125230E-11	34.0888744
1.125440E-11	34.0857852
1.158980E-11	33.6007395
1.159200E-11	33.5976449
1.193720E-11	33.1202286
1.193950E-11	33.1171347
1.229530E-11	32.6465672
1.229760E-11	32.6436084
1.266380E-11	32.1804196
1.266620E-11	32.1774671
1.304370E-11	31.7209325
1.304620E-11	31.7179919
1.343470E-11	31.2686824
1.343720E-11	31.2658698
1.383760E-11	30.8230261
1.384030E-11	30.8201217
1.425240E-11	30.3843001
1.425520E-11	30.3814201
1.467990E-11	29.9519212
1.468270E-11	29.9491672
1.512000E-11	29.5263322
1.512290E-11	29.5236046
1.557350E-11	29.106914
1.557650E-11	29.1042158
1.604030E-11	28.6941489
1.604340E-11	28.6914831
1.652140E-11	28.2873708
1.652460E-11	28.2847396
1.701670E-11	27.8869517
1.701990E-11	27.8844357
1.752710E-11	27.4924099
1.753040E-11	27.4899293
1.805250E-11	27.1040983
1.805590E-11	27.1016543
1.859390E-11	26.7215039
1.859750E-11	26.71903
1.915130E-11	26.3448955
1.915500E-11	26.3424644
1.972570E-11	25.9738442
1.972950E-11	25.9714569
2.031700E-11	25.608625
2.032090E-11	25.6062827
2.092640E-11	25.2488173
2.093050E-11	25.246463
2.155370E-11	24.8946908
2.155790E-11	24.8923852
2.220020E-11	24.545784
2.220450E-11	24.5435273
2.286570E-11	24.202422
2.287010E-11	24.2002144
2.355150E-11	23.8641535
2.355610E-11	23.8619471
2.425750E-11	23.5312527
2.426220E-11	23.5290977
2.498510E-11	23.2032857
2.498990E-11	23.2011818
2.573410E-11	22.8805554
2.573900E-11	22.8785022
2.650590E-11	22.562649
2.651100E-11	22.5606063
2.730050E-11	22.249793
2.730570E-11	22.2478022
2.811940E-11	21.9416028
2.812470E-11	21.9396633
2.896230E-11	21.6383925
2.896780E-11	21.6364686
2.983100E-11	21.3396925
2.983670E-11	21.3377906
3.073110E-11	21.0444823
3.085540E-11	21.0043999
3.165280E-11	20.7554616
3.191500E-11	20.6749832
3.260170E-11	20.4709156
3.301100E-11	20.3513327
3.357950E-11	20.19051
3.414470E-11	20.0333355
3.458610E-11	19.9144773
3.531730E-11	19.7209413
3.562350E-11	19.642458
3.653010E-11	19.4140612
3.669130E-11	19.3747321
3.778460E-11	19.1125949
3.779190E-11	19.1108997
3.892470E-11	18.8523914
3.908220E-11	18.8170559
4.009230E-11	18.5976826
4.042440E-11	18.5267788
4.129410E-11	18.3470212
4.181260E-11	18.2416751
4.253270E-11	18.1000282
4.324850E-11	17.9616378
4.380760E-11	17.8569787
4.473370E-11	17.6866044
4.512160E-11	17.6175063
4.627000E-11	17.4164767
4.647420E-11	17.3818628
4.785900E-11	17.1512028
4.786810E-11	17.1497349
4.930300E-11	16.922328
4.950250E-11	16.8912493
5.078180E-11	16.6983496
5.120250E-11	16.6359996
5.230410E-11	16.4779642
5.296090E-11	16.3853604
5.387290E-11	16.2608846
5.477960E-11	16.1392739
5.548780E-11	16.0473168
5.666090E-11	15.897645
5.715210E-11	15.8369697
5.860670E-11	15.6604333
5.886530E-11	15.6300457
6.061930E-11	15.4275658
6.063100E-11	15.426258
6.244840E-11	15.2267048
6.270110E-11	15.1994365
6.432150E-11	15.0302139
6.485430E-11	14.975536
6.624960E-11	14.8369478
6.708160E-11	14.7557516
6.823680E-11	14.646631
6.938520E-11	14.5400538
7.028220E-11	14.4594736
7.176800E-11	14.3283557
7.239030E-11	14.2751946
7.423270E-11	14.1205978
7.456030E-11	14.0939856
7.678190E-11	13.9167371
7.679670E-11	13.9155939
7.909870E-11	13.7409724
7.941880E-11	13.7171158
8.147120E-11	13.5691005
8.214610E-11	13.5212846
8.391340E-11	13.4001149
8.496710E-11	13.3291518
8.643040E-11	13.2337785
8.788510E-11	13.1406559
8.902120E-11	13.0702669
9.090320E-11	12.9557569
9.169130E-11	12.9093438
9.402490E-11	12.7743951
9.443990E-11	12.7511648
9.725390E-11	12.596509
9.727250E-11	12.5955195
1.001880E-10	12.4432366
1.005940E-10	12.4224107
1.031930E-10	12.2934231
1.040480E-10	12.2517501
1.062870E-10	12.1461569
1.076210E-10	12.0843782
1.094750E-10	12.0012949
1.113170E-10	11.9202485
1.127560E-10	11.8589773
1.151400E-10	11.7593396
1.161390E-10	11.7189319
1.190940E-10	11.6016074
1.196200E-10	11.5813945
1.231840E-10	11.4469782
1.232080E-10	11.4461021
1.269010E-10	11.3138095
1.274150E-10	11.2957329
1.307070E-10	11.1837308
1.317900E-10	11.1475628
1.346260E-10	11.0559311
1.363160E-10	11.0023316
1.386640E-10	10.9304226
1.415920E-10	10.8424292
1.428200E-10	10.8068657
1.470760E-10	10.685941
1.471040E-10	10.6851741
1.515130E-10	10.5667203
1.527690E-10	10.5336082
1.560580E-10	10.4500626
1.586850E-10	10.3845877
1.607360E-10	10.3353308
1.648270E-10	10.2389567
1.655570E-10	10.2223814
1.705200E-10	10.1118674
1.712100E-10	10.0967921
1.756350E-10	10.0036607
1.778370E-10	9.95819775
1.808990E-10	9.89728431
1.847240E-10	9.82266587
1.863250E-10	9.79256665
1.918740E-10	9.69027969
1.919110E-10	9.68962225
1.976670E-10	9.5893623
1.993040E-10	9.56139866
2.035920E-10	9.49082859
2.070190E-10	9.43553218
2.096990E-10	9.39385976
2.150360E-10	9.31251336
2.159850E-10	9.29857107
2.224630E-10	9.20530236
2.233590E-10	9.19265454
2.291320E-10	9.11414893
2.320090E-10	9.07579843
2.360040E-10	9.0244799
2.409890E-10	8.96172993
2.430790E-10	8.93637326
2.503220E-10	8.85028163
2.503700E-10	8.84973155
2.578750E-10	8.76549474
2.600110E-10	8.74200165
2.656100E-10	8.68277999
2.712200E-10	8.62465339
2.735720E-10	8.60125614
2.817770E-10	8.52132474
2.829120E-10	8.51049216
2.902240E-10	8.44352115
2.951090E-10	8.39970126
2.989290E-10	8.36680006
3.078310E-10	8.29173843
3.078900E-10	8.29126056
3.171250E-10	8.21805436
3.211010E-10	8.18719478
3.266310E-10	8.14598393
3.349440E-10	8.08534723
3.364280E-10	8.0749482
3.465130E-10	8.00580634
3.493830E-10	7.98654474
3.569060E-10	7.93806042
3.644450E-10	7.89051853
3.676050E-10	7.87140993
3.786310E-10	7.80619466
3.817670E-10	7.78804421
3.899810E-10	7.74256075
3.999060E-10	7.6888048
4.016780E-10	7.67961553
4.137190E-10	7.61857177
4.189140E-10	7.59281056
4.261280E-10	7.55856621
4.388170E-10	7.49967941
4.389010E-10	7.49930595
4.520660E-10	7.44211508
4.596750E-10	7.40979876
4.656170E-10	7.38562588
4.795830E-10	7.33010922
4.815150E-10	7.32260096
4.939590E-10	7.27637471
5.065310E-10	7.23074276
5.087750E-10	7.2229642
5.240260E-10	7.17133888
5.328460E-10	7.14216979
5.397440E-10	7.12038227
5.559230E-10	7.07048427
5.605280E-10	7.05661036
5.725980E-10	7.02187819
5.896490E-10	6.97397397
5.897620E-10	6.97367038
6.074520E-10	6.92729905
6.202830E-10	6.89446504
6.256610E-10	6.88132712
6.444270E-10	6.83660288
6.552730E-10	6.81137299
6.637440E-10	6.79259094
6.836530E-10	6.74953683
6.922260E-10	6.73144479
7.041460E-10	6.70745827
7.252670E-10	6.66601299
7.312750E-10	6.65451066
7.470070E-10	6.62583067
7.694130E-10	6.58600939
7.757870E-10	6.57495981
7.924770E-10	6.54744159
8.162470E-10	6.50924575
8.230090E-10	6.49865058
8.407150E-10	6.47224518
8.659320E-10	6.43560473
8.731050E-10	6.42544514
8.918890E-10	6.40014675
9.186410E-10	6.3650551
9.301600E-10	6.35033149
9.461780E-10	6.33087726
9.745580E-10	6.29731966
9.909610E-10	6.27842746
1.003771E-09	6.26441613
1.033879E-09	6.23236927
1.060192E-09	6.20510098
1.064871E-09	6.2004976
1.096811E-09	6.16993159
1.129689E-09	6.1393136
1.134259E-09	6.1351701
1.163573E-09	6.10997616
1.198452E-09	6.08081996
1.218623E-09	6.06441277
1.234399E-09	6.05224757
1.271402E-09	6.02451055
1.309285E-09	5.99689391
1.309537E-09	5.99671969
1.348791E-09	5.97035527
1.389247E-09	5.94394646
1.412630E-09	5.92910425
1.430892E-09	5.91813732
1.473810E-09	5.89310381
1.517989E-09	5.86806398
1.530564E-09	5.86113532
1.563521E-09	5.84396525
1.610389E-09	5.82025572
1.658373E-09	5.79667478
1.658691E-09	5.79652683
1.708412E-09	5.77408142
1.759655E-09	5.75162681
1.804439E-09	5.73256911
1.812403E-09	5.72936523
1.866765E-09	5.70815336
1.922723E-09	5.68696681
1.971657E-09	5.66898155
1.980394E-09	5.66594882
2.039758E-09	5.64597188
2.100939E-09	5.62600368
2.163502E-09	5.60619109
2.163917E-09	5.60606704
2.228823E-09	5.58726738
2.295634E-09	5.56850889
2.364490E-09	5.54976077
2.384076E-09	5.54458698
2.435368E-09	5.53182142
2.508415E-09	5.51420907
2.583608E-09	5.49663826
2.638227E-09	5.48426346
2.661102E-09	5.47937831
2.740871E-09	5.46288568
2.823082E-09	5.44642314
2.907706E-09	5.43000421
2.931793E-09	5.4254743
2.994921E-09	5.41430646
3.084697E-09	5.39893582
3.177221E-09	5.38359908
3.272461E-09	5.3683087
3.285701E-09	5.36624913
3.370617E-09	5.35383965
3.471655E-09	5.33955629
3.575785E-09	5.32531114
3.682973E-09	5.31111587
3.697874E-09	5.30920473
3.793441E-09	5.29769564
3.907154E-09	5.28445581
4.024346E-09	5.27125896
4.144980E-09	5.25811582
4.197030E-09	5.2526271
4.269306E-09	5.2454751
4.397283E-09	5.23323966
4.529177E-09	5.22105219
4.664944E-09	5.20892279
4.803945E-09	5.1969119
4.804866E-09	5.19683718
4.948897E-09	5.18555612
5.097336E-09	5.174328
5.250134E-09	5.16316228
5.407609E-09	5.1520414
5.545235E-09	5.14264551
5.569708E-09	5.14107888
5.736768E-09	5.13075991
5.908733E-09	5.1205076
6.085962E-09	5.11030592
6.268395E-09	5.10016352
6.456412E-09	5.09006451
6.482418E-09	5.08871446
6.649949E-09	5.08058368
6.849411E-09	5.07124673
7.054729E-09	5.0619739
7.266331E-09	5.05275074
7.484147E-09	5.04358511
7.674622E-09	5.03584471
7.708630E-09	5.03455208
7.939704E-09	5.0260878
8.177850E-09	5.0176788
8.422990E-09	5.00933235
8.675632E-09	5.00103566
8.935694E-09	4.99279582
9.203714E-09	4.98460011
9.240787E-09	4.98350567
9.479605E-09	4.97693004
9.763940E-09	4.96938884
1.005663E-08	4.96190949
1.035827E-08	4.95448055
1.066877E-08	4.94710855
1.098877E-08	4.93978211
1.131600E-08	4.93255553
1.131817E-08	4.93251077
1.165765E-08	4.92577423
1.200710E-08	4.91909913
1.236725E-08	4.91247532
1.273797E-08	4.90590919
1.312004E-08	4.89938963
1.351332E-08	4.89292292
1.391865E-08	4.88649914
1.421264E-08	4.88200686
1.433587E-08	4.88025293
1.476587E-08	4.87436666
1.520849E-08	4.86853783
1.566466E-08	4.86275768
1.613423E-08	4.85703143
1.661816E-08	4.85135044
1.711631E-08	4.84571981
1.762970E-08	4.84013098
1.815817E-08	4.83458895
1.838619E-08	4.83228481
1.870281E-08	4.82931738
1.926345E-08	4.82426789
1.984125E-08	4.81926577
2.043601E-08	4.81431562
2.104897E-08	4.80941002
2.167994E-08	4.80455342
2.233022E-08	4.79973851
2.299959E-08	4.79496964
2.368945E-08	4.7902396
2.439956E-08	4.7855526
2.526632E-08	4.78006335
2.526874E-08	4.78004865
2.530000E-08	4.77986325
2.605886E-08	4.77560739
2.684000E-08	4.77140008
2.764505E-08	4.76723508
2.847374E-08	4.76311626
2.932779E-08	4.75903745
3.020692E-08	4.75500235
3.111296E-08	4.75100488
3.204560E-08	4.74704861
3.300679E-08	4.74312758
3.399621E-08	4.73924532
3.501590E-08	4.73539599
3.591396E-08	4.73213372
3.606554E-08	4.73162255
3.714730E-08	4.72812195
3.826083E-08	4.72466377
3.940844E-08	4.72124298
4.058975E-08	4.71786281
4.180722E-08	4.71451829
4.306043E-08	4.71121255
4.435200E-08	4.7079407
4.568150E-08	4.70470579
4.705169E-08	4.70150301
4.846211E-08	4.69833532
4.991571E-08	4.69519803
5.141198E-08	4.69209405
5.295405E-08	4.68901878
5.454141E-08	4.68597508
5.500375E-08	4.68512252
5.617734E-08	4.68311963
5.786132E-08	4.68036408
5.959683E-08	4.67764082
6.138331E-08	4.67495232
6.322446E-08	4.6722945
6.511968E-08	4.66966973
6.707291E-08	4.66707413
6.908349E-08	4.66451018
7.115561E-08	4.6619742
7.328857E-08	4.65946865
7.548682E-08	4.65698993
7.774961E-08	4.65454038
8.008167E-08	4.6521164
8.248220E-08	4.64972026
8.495620E-08	4.64734841
8.750285E-08	4.64500303
9.012745E-08	4.64268066
9.282911E-08	4.64038342
9.440961E-08	4.63909175
9.561346E-08	4.63818127
9.847958E-08	4.63610426
1.014334E-07	4.63405303
1.044740E-07	4.63202957
1.076076E-07	4.63003102
1.108333E-07	4.62805939
1.141576E-07	4.62611194
1.175796E-07	4.62419051
1.211064E-07	4.62229214
1.247367E-07	4.62041832
1.284781E-07	4.61856609
1.323293E-07	4.61673724
1.362985E-07	4.61492924
1.403842E-07	4.61314396
1.445949E-07	4.61137888
1.489293E-07	4.60963568
1.533963E-07	4.60791182
1.579945E-07	4.60620892
1.627335E-07	4.60452447
1.676116E-07	4.60286006
1.726390E-07	4.60121323
1.778140E-07	4.59958552
1.831475E-07	4.59797451
1.886375E-07	4.59638171
1.942956E-07	4.59480475
1.984376E-07	4.59369556
2.001198E-07	4.59327878
2.061222E-07	4.59185429
2.123010E-07	4.59044973
2.186688E-07	4.58906308
2.252236E-07	4.58769572
2.319791E-07	4.58634581
2.389329E-07	4.58501487
2.460995E-07	4.58370099
2.534766E-07	4.58240494
2.610795E-07	4.58112441
2.689056E-07	4.5798607
2.769713E-07	4.57861228
2.852738E-07	4.57738048
2.938304E-07	4.57616355
3.026383E-07	4.57496265
3.117158E-07	4.57377605
3.210598E-07	4.57260487
3.306898E-07	4.5714474
3.406025E-07	4.57030475
3.508187E-07	4.56917525
3.613348E-07	4.56805998
3.721729E-07	4.5669573
3.833291E-07	4.56586825
3.948269E-07	4.56479125
4.066622E-07	4.5637273
4.188598E-07	4.56267484
4.314156E-07	4.56163486
4.443556E-07	4.56060584
4.576756E-07	4.5595888
4.714033E-07	4.55858259
4.855341E-07	4.55758834
5.000974E-07	4.55660366
5.150884E-07	4.55562905
5.305381E-07	4.55466353
5.464416E-07	4.55370824
5.628318E-07	4.55276175
5.797032E-07	4.55182495
5.970911E-07	4.55089644
6.149895E-07	4.54997705
6.334357E-07	4.5490654
6.524236E-07	4.54816233
6.551889E-07	4.54803573
6.719927E-07	4.54732941
6.921364E-07	4.54651703
7.128966E-07	4.54571362
7.342664E-07	4.54491994
7.562903E-07	4.54413484
7.789609E-07	4.54335905
8.023253E-07	4.54259143
8.263759E-07	4.5418327
8.511625E-07	4.54108175
8.766770E-07	4.54033927
9.029724E-07	4.53960417
9.300399E-07	4.53887715
9.579359E-07	4.53815752
9.866511E-07	4.53744626
1.011956E-06	4.53684134
1.040510E-06	4.53618203
1.069869E-06	4.5355286
1.100057E-06	4.53488091
1.131097E-06	4.53423881
1.163013E-06	4.53360213
1.195829E-06	4.53297068
1.229571E-06	4.53234432
1.264265E-06	4.53172286
1.299938E-06	4.53110614
1.336618E-06	4.530494
1.374333E-06	4.52988626
1.413111E-06	4.52928275
1.452984E-06	4.5286833
1.493983E-06	4.52808775
1.579482E-06	4.52690793
1.646962E-06	4.5260317
1.716992E-06	4.52516435
1.790347E-06	4.52429936
1.866475E-06	4.52344423
1.946216E-06	4.52259037
2.028971E-06	4.52174497
2.115654E-06	4.52089962
2.205614E-06	4.52006155
2.299844E-06	4.51922223
2.397636E-06	4.51838884
2.500070E-06	4.51755299
2.606375E-06	4.51672506
2.717727E-06	4.5158892
2.833287E-06	4.51505657
2.954333E-06	4.51421886
3.079955E-06	4.51338299
3.211539E-06	4.51254041
3.348097E-06	4.51169811
3.539706E-06	4.51056499
3.742280E-06	4.50942243
3.956448E-06	4.50826756
4.125479E-06	4.50739414
4.361576E-06	4.5062127
4.611186E-06	4.50501417
4.875080E-06	4.50379609
5.154077E-06	4.50255591
5.449040E-06	4.50129067
5.841030E-06	4.49967062
6.262430E-06	4.4980001
6.620823E-06	4.49662726
7.197236E-06	4.49449788
7.714985E-06	4.49265196
8.271582E-06	4.49072889
8.866617E-06	4.48873122
9.638549E-06	4.48621214
1.047769E-05	4.48355808
1.123360E-05	4.48122594
1.221160E-05	4.47827456
1.327475E-05	4.47514027
1.443045E-05	4.47180394
1.546854E-05	4.46885681
1.658452E-05	4.46573436
1.753363E-05	4.46311345
1.777756E-05	4.46265859
1.906012E-05	4.46030858
2.043125E-05	4.45783987
2.190526E-05	4.45522699
2.348107E-05	4.45247212
2.517511E-05	4.44954929
2.661586E-05	4.44709297
2.853053E-05	4.44385756
3.058886E-05	4.44041619
3.278934E-05	4.43677227
3.466585E-05	4.43368781
3.664975E-05	4.43044824
3.874718E-05	4.42704404
4.096465E-05	4.42346508
4.330902E-05	4.41970057
4.701268E-05	4.41378715
5.110563E-05	4.40729369
5.328901E-05	4.40384466
5.633869E-05	4.39904141
5.712248E-05	4.39781078
5.900614E-05	4.39619075
6.208200E-05	4.39355805
6.532540E-05	4.39079481
6.906392E-05	4.38762396
7.200058E-05	4.38514298
7.612112E-05	4.38167436
8.047747E-05	4.37801991
8.487012E-05	4.37434731
8.891035E-05	4.37097894
9.295058E-05	4.36761841
9.699081E-05	4.36426478
1.011345E-04	4.36083162
1.050713E-04	4.35757522
1.095602E-04	4.35386779
1.131517E-04	4.35090519
1.212322E-04	4.34425086
1.264116E-04	4.34216235
1.317867E-04	4.33999959
1.373931E-04	4.3377482
1.432629E-04	4.33539597
1.493546E-04	4.33295874
1.555741E-04	4.33047468
1.616345E-04	4.32805733
1.676948E-04	4.32564325
1.737552E-04	4.32323162
1.798155E-04	4.32082264
1.858759E-04	4.31841566
1.919362E-04	4.31601086
1.979966E-04	4.31360775
2.040569E-04	4.31120651
2.101172E-04	4.30880674
2.161776E-04	4.30640864
2.222379E-04	4.3040119
2.282983E-04	4.30161676
2.343586E-04	4.29922299
2.404190E-04	4.2968309
2.464793E-04	4.29444035
2.545598E-04	4.29125598
2.586000E-04	4.28966527
2.658968E-04	4.28679552
2.706600E-04	4.28492473
2.746800E-04	4.28334794
2.776950E-04	4.28216691
2.807100E-04	4.28098738
2.837250E-04	4.27980985
2.877450E-04	4.27824343
2.897550E-04	4.27746218
2.927700E-04	4.27629327
2.947800E-04	4.27551653
2.970413E-04	4.27464553
2.984483E-04	4.27410546
3.004080E-04	4.2733561
3.023165E-04	4.27262997
3.037235E-04	4.27209756
3.052652E-04	4.27151751
3.063918E-04	4.27109614
3.074591E-04	4.27069935
3.088822E-04	4.27017441
3.101228E-04	4.26972114
3.113635E-04	4.26927288
3.125188E-04	4.26886078
3.135032E-04	4.26851418
3.144875E-04	4.2681727
3.148157E-04	4.26806092
3.154790E-04	4.26696704
3.161423E-04	4.26587709
3.168056E-04	4.26479071
3.174689E-04	4.26370837
3.182287E-04	4.26247442
3.189884E-04	4.26124701
3.195583E-04	4.26033179
3.203181E-04	4.25911944
3.208587E-04	4.25826284
3.213849E-04	4.25743515
3.219110E-04	4.2566139
3.224371E-04	4.25579994
3.229632E-04	4.25499411
3.234729E-04	4.25422226
3.239496E-04	4.25350928
3.244264E-04	4.25280637
3.249031E-04	4.25211457
3.253799E-04	4.25143521
3.258566E-04	4.25077084
3.263612E-04	4.25008636
3.266977E-04	4.24964203
3.270341E-04	4.24920866
3.272023E-04	4.24899815
3.273705E-04	4.24809882
3.277069E-04	4.24631396
3.280434E-04	4.24454461
3.283798E-04	4.24279271
3.286787E-04	4.24125285
3.290706E-04	4.23926024
3.293319E-04	4.2379513
3.295932E-04	4.23665992
3.298545E-04	4.23538798
3.301158E-04	4.23413781
3.303771E-04	4.23291207
3.306384E-04	4.23171386
3.309399E-04	4.23037056
3.312414E-04	4.22907593
3.314424E-04	4.22824377
3.316434E-04	4.22743954
3.318444E-04	4.22666644
3.320454E-04	4.22592817
3.322464E-04	4.225229
3.324072E-04	4.22470873
3.324876E-04	4.22368673
3.327288E-04	4.22069428
3.328896E-04	4.21874611
3.330504E-04	4.21684025
3.332112E-04	4.21498154
3.333720E-04	4.21317555
3.335328E-04	4.21142863
3.337363E-04	4.20931406
3.338720E-04	4.20797225
3.340077E-04	4.20669198
3.341433E-04	4.20548048
3.342790E-04	4.20434603
3.344147E-04	4.20329819
3.345504E-04	4.20234801
3.345780E-04	4.20217561
3.346710E-04	4.19993116
3.348293E-04	4.19625988
3.349348E-04	4.19391981
3.350403E-04	4.19167709
3.351458E-04	4.18954308
3.352514E-04	4.18753088
3.353569E-04	4.18565558
3.354624E-04	4.18393474
3.355529E-04	4.18259807
3.356433E-04	4.18140478
3.357338E-04	4.18037204
3.358242E-04	4.17951975
3.359147E-04	4.17887104
3.359448E-04	4.17873167
3.360051E-04	4.17678008
3.360956E-04	4.17411505
3.361860E-04	4.17174993
3.362564E-04	4.17014606
3.363267E-04	4.16877517
3.363971E-04	4.16766582
3.364674E-04	4.16685128
3.365378E-04	4.16637054
3.365478E-04	4.16635611
3.366081E-04	4.16427192
3.366785E-04	4.16227466
3.367488E-04	4.160777
3.368041E-04	4.1600016
3.368594E-04	4.1596287
3.369146E-04	4.15971227
3.369699E-04	4.1603168
3.370252E-04	4.1589583
3.370805E-04	4.15829515
3.371357E-04	4.15844853
3.371772E-04	4.15919185
3.372136E-04	4.16036201
3.372588E-04	4.1625985
3.372915E-04	4.16495812
3.373041E-04	4.16491596
3.373380E-04	4.1656127
3.373719E-04	4.16713913
3.374058E-04	4.16965074
3.374397E-04	4.17334383
3.374737E-04	4.17846731
3.374963E-04	4.18283026
3.375189E-04	4.18808165
3.375415E-04	4.19435439
3.375616E-04	4.20091352
3.375880E-04	4.21114904
3.375930E-04	4.2135101
3.376144E-04	4.22136842
3.376319E-04	4.22923507
3.376495E-04	4.2383768
3.376671E-04	4.24894663
3.376847E-04	4.26111806
3.377023E-04	4.27508204
3.377199E-04	4.29105439
3.377375E-04	4.30927132
3.377551E-04	4.3299988
3.377726E-04	4.35352623
3.377739E-04	4.3554295
3.377902E-04	4.37835363
3.378078E-04	4.40651604
3.378254E-04	4.43854497
3.378411E-04	4.47075188
3.378549E-04	4.50218216
3.378687E-04	4.53675252
3.378826E-04	4.57471506
3.378964E-04	4.61634627
3.379102E-04	4.661931
3.379240E-04	4.71177345
3.379378E-04	4.7661907
3.379517E-04	4.82552888
3.379655E-04	4.89013958
3.379793E-04	4.96039519
3.379931E-04	5.03667908
3.380069E-04	5.11940779
3.380208E-04	5.20899729
3.380346E-04	5.305884
3.380484E-04	5.41051066
3.380610E-04	5.51274792
3.380779E-04	5.66215684
3.380949E-04	5.82548164
3.381118E-04	6.00364975
3.381288E-04	6.1975696
3.381458E-04	6.40818701
3.381558E-04	6.54344944
3.381627E-04	6.63804334
3.381797E-04	6.88876079
3.381966E-04	7.1589602
3.382136E-04	7.44948916
3.382305E-04	7.76120386
3.382450E-04	8.04405262
3.382626E-04	8.41057961
3.382802E-04	8.80213558
3.382978E-04	9.21940844
3.383066E-04	9.44113136
3.383153E-04	9.66639115
3.383329E-04	10.1435325
3.383505E-04	10.6475189
3.383769E-04	11.4540472
3.384003E-04	12.2270376
3.384236E-04	13.0462361
3.384372E-04	13.5519295
3.384548E-04	14.2145115
3.384859E-04	15.4615124
3.384975E-04	15.9511297
3.385256E-04	17.1543713
3.385437E-04	17.9685232
3.385739E-04	19.3370295
3.385960E-04	20.3682665
3.386623E-04	23.4924914
3.386945E-04	25.0196477
3.387025E-04	25.3798225
3.387427E-04	27.1949805
3.387819E-04	28.8253535
3.387829E-04	28.8618343
3.388352E-04	30.7735161
3.388714E-04	31.8665818
3.388995E-04	32.5679556
3.389307E-04	33.1793214
3.389600E-04	33.5874732
3.389775E-04	33.7121518
3.389998E-04	33.861877
3.390273E-04	33.8625987
3.390484E-04	33.7516427
3.390533E-04	33.7238924
3.390824E-04	33.4015815
3.391085E-04	32.9789934
3.391367E-04	32.3749902
3.391688E-04	31.5195791
3.391729E-04	31.4103869
3.392060E-04	30.3473858
3.392191E-04	29.8730512
3.392452E-04	28.9055796
3.392894E-04	27.1018331
3.393095E-04	26.2141027
3.393698E-04	23.5083265
3.394412E-04	20.2706167
3.394422E-04	20.2245696
3.394784E-04	18.6203394
3.395146E-04	17.0871353
3.395347E-04	16.2812147
3.395467E-04	15.7945498
3.395708E-04	14.8723089
3.395950E-04	13.9970058
3.396191E-04	13.1705866
3.396432E-04	12.3942309
3.396633E-04	11.7858712
3.396834E-04	11.2125481
3.397035E-04	10.6739133
3.397236E-04	10.1693689
3.397437E-04	9.69809905
3.397638E-04	9.25909987
3.397739E-04	9.05515499
3.397839E-04	8.85325114
3.397990E-04	8.57003919
3.398166E-04	8.26004096
3.398354E-04	7.95126305
3.398543E-04	7.66545596
3.398731E-04	7.40132675
3.398744E-04	7.38508274
3.398919E-04	7.16184529
3.399108E-04	6.94180693
3.399233E-04	6.80513047
3.399359E-04	6.67601859
3.399485E-04	6.55412823
3.399610E-04	6.43908311
3.399736E-04	6.3305525
3.399849E-04	6.23842172
3.399862E-04	6.22848802
3.399987E-04	6.13504813
3.400125E-04	6.03861366
3.400276E-04	5.94053774
3.400427E-04	5.84939532
3.400578E-04	5.76469543
3.400728E-04	5.68597083
3.400879E-04	5.6127783
3.401030E-04	5.54469869
3.401055E-04	5.53414045
3.401181E-04	5.48419914
3.401331E-04	5.42861782
3.401482E-04	5.3770337
3.401633E-04	5.32912067
3.401784E-04	5.28457439
3.401934E-04	5.24311159
3.402085E-04	5.20446924
3.402236E-04	5.16840359
3.402387E-04	5.13468933
3.402550E-04	5.10057884
3.402663E-04	5.07859433
3.402726E-04	5.06752778
3.402902E-04	5.03890762
3.403078E-04	5.01239884
3.403253E-04	4.98778027
3.403429E-04	4.96484756
3.403605E-04	4.9434225
3.403781E-04	4.92334076
3.403957E-04	4.90446
3.404221E-04	4.87810976
3.404485E-04	4.85379422
3.404673E-04	4.83765555
3.404748E-04	4.83216507
3.405012E-04	4.8144059
3.405276E-04	4.79788304
3.405615E-04	4.7781652
3.405954E-04	4.75987651
3.406294E-04	4.74276848
3.406633E-04	4.72664541
3.406972E-04	4.71135103
3.407311E-04	4.69676222
3.407688E-04	4.68132712
3.407763E-04	4.67890985
3.408216E-04	4.66530373
3.408668E-04	4.65245346
3.409170E-04	4.6389295
3.409723E-04	4.62483533
3.410276E-04	4.6114419
3.410829E-04	4.59865159
3.411381E-04	4.58638535
3.411934E-04	4.57457805
3.412487E-04	4.56317521
3.412713E-04	4.55865714
3.413040E-04	4.55393954
3.413668E-04	4.54525287
3.414371E-04	4.53595275
3.415075E-04	4.52705022
3.415778E-04	4.51849647
3.416482E-04	4.51025023
3.417185E-04	4.50227635
3.417889E-04	4.4945447
3.418592E-04	4.48702931
3.419396E-04	4.47867641
3.419748E-04	4.47512575
3.420301E-04	4.47144375
3.421205E-04	4.46566744
3.422110E-04	4.46011016
3.423014E-04	4.45474654
3.423919E-04	4.44955481
3.424823E-04	4.44451623
3.425728E-04	4.43961456
3.426733E-04	4.43431174
3.427838E-04	4.4286338
3.428944E-04	4.42309988
3.430049E-04	4.41769349
3.431155E-04	4.41240047
3.432260E-04	4.40720857
3.432612E-04	4.40558539
3.433366E-04	4.40364743
3.435024E-04	4.39953374
3.436431E-04	4.39616717
3.437838E-04	4.39289993
3.439245E-04	4.38972052
3.440652E-04	4.38661902
3.442059E-04	4.38358684
3.443466E-04	4.38061656
3.444873E-04	4.37770176
3.446280E-04	4.37483687
3.447958E-04	4.37147894
3.449636E-04	4.36817795
3.451314E-04	4.36492765
3.452992E-04	4.36172258
3.454669E-04	4.35855791
3.456487E-04	4.35517783
3.457186E-04	4.35456866
3.459703E-04	4.35244563
3.461742E-04	4.35077015
3.463781E-04	4.34912988
3.465820E-04	4.34752105
3.467859E-04	4.34594039
3.470918E-04	4.34361603
3.473976E-04	4.34134043
3.476015E-04	4.33984703
3.478637E-04	4.33795156
3.481259E-04	4.33608085
3.483880E-04	4.33423214
3.486502E-04	4.33240306
3.489124E-04	4.33059153
3.493056E-04	4.32790328
3.496989E-04	4.32524538
3.500193E-04	4.32309913
3.501649E-04	4.32213056
3.503397E-04	4.32172047
3.506601E-04	4.32098236
3.509805E-04	4.3202566
3.513010E-04	4.31954201
3.517816E-04	4.31848821
3.522622E-04	4.31745301
3.527866E-04	4.31634222
3.533109E-04	4.31524816
3.538352E-04	4.31416851
3.543595E-04	4.31310132
3.548839E-04	4.31204496
3.554082E-04	4.31099806
3.559325E-04	4.30995947
3.564569E-04	4.3089282
3.569812E-04	4.3079034
3.575055E-04	4.30688435
3.582046E-04	4.30553348
3.589037E-04	4.30419046
3.596028E-04	4.30285423
3.603019E-04	4.30152393
3.610593E-04	4.30008858
3.618749E-04	4.2985487
3.625157E-04	4.297343
3.626905E-04	4.2972712
3.635061E-04	4.29694093
3.642635E-04	4.29663759
3.653122E-04	4.29622255
3.663608E-04	4.2958125
3.674095E-04	4.29540671
3.684581E-04	4.2950046
3.695068E-04	4.29460567
3.705554E-04	4.29420949
3.723032E-04	4.29355439
3.737014E-04	4.29303426
3.750996E-04	4.29251705
3.764978E-04	4.29200233
3.778960E-04	4.29148976
3.792942E-04	4.29097903
3.806924E-04	4.29046996
3.825567E-04	4.28979332
3.844210E-04	4.28911872
3.862853E-04	4.2884459
3.881495E-04	4.28777458
3.900138E-04	4.28710455
3.918781E-04	4.28643564
3.956066E-04	4.28510058
3.984030E-04	4.28410129
4.011995E-04	4.28310332
4.043338E-04	4.28198614
4.081440E-04	4.28062962
4.113600E-04	4.27948575
4.153800E-04	4.27805706
4.194000E-04	4.27662942
4.222100E-04	4.27563213
4.236150E-04	4.27545703
4.306399E-04	4.27458313
4.362598E-04	4.27388521
4.418797E-04	4.2731881
4.474997E-04	4.27249165
4.531196E-04	4.27179576
4.643595E-04	4.27040527
4.727894E-04	4.26936331
4.812193E-04	4.2683219
4.896492E-04	4.26728102
4.980791E-04	4.26624052
5.093190E-04	4.26485372
5.205589E-04	4.26346742
5.317987E-04	4.26208154
5.430386E-04	4.26069602
5.542785E-04	4.25931082
5.655183E-04	4.2579259
5.879981E-04	4.25515681
6.035717E-04	4.25323897
6.165731E-04	4.25163818
6.295744E-04	4.2500377
6.512433E-04	4.2473708
6.642447E-04	4.24577107
6.772460E-04	4.24417161
6.902474E-04	4.24257251
7.032487E-04	4.24097374
7.205839E-04	4.2388427
7.379190E-04	4.23671251
7.465865E-04	4.2356478
7.552541E-04	4.23458339
7.639217E-04	4.2335193
7.725892E-04	4.2324556
7.812568E-04	4.23139233
7.899244E-04	4.23032956
7.985919E-04	4.22926737
8.050926E-04	4.22847118
8.115933E-04	4.2276754
8.180939E-04	4.22688016
8.245946E-04	4.22608545
8.310953E-04	4.22529143
8.375960E-04	4.22449813
8.462635E-04	4.22344183
8.484304E-04	4.22317811
8.505973E-04	4.22228712
8.549311E-04	4.22050569
8.592649E-04	4.21872487
8.635987E-04	4.21694474
8.679324E-04	4.21516539
8.722662E-04	4.21338693
8.766000E-04	4.21160947
8.812500E-04	4.20970365
8.874500E-04	4.20716499
8.905500E-04	4.20589689
8.936500E-04	4.20462975
8.967500E-04	4.20336368
8.998500E-04	4.20209881
9.029500E-04	4.20083529
9.076000E-04	4.19894286
9.107000E-04	4.19768358
9.138000E-04	4.19642643
9.169000E-04	4.19517173
9.200000E-04	4.19167462
9.223250E-04	4.18905391
9.246500E-04	4.18643533
9.269750E-04	4.18381911
9.293000E-04	4.18120553
9.316250E-04	4.17859498
9.339500E-04	4.17598787
9.362750E-04	4.17338472
9.386000E-04	4.17078608
9.404600E-04	4.16871093
9.423200E-04	4.16663961
9.441800E-04	4.16457268
9.460400E-04	4.16251059
9.479000E-04	4.16045404
9.485200E-04	4.15977069
9.497011E-04	4.15672969
9.514728E-04	4.15217495
9.532444E-04	4.14762774
9.548719E-04	4.14345854
9.564994E-04	4.13929803
9.581688E-04	4.13504107
9.593375E-04	4.13206804
9.605062E-04	4.1291019
9.616749E-04	4.12614361
9.629009E-04	4.12304877
9.641843E-04	4.11982087
9.648260E-04	4.11821368
9.654677E-04	4.11497805
9.664303E-04	4.11013463
9.673928E-04	4.10530095
9.685646E-04	4.0994311
9.694435E-04	4.09504098
9.703223E-04	4.09066318
9.712012E-04	4.08629849
9.720800E-04	4.08194811
9.729792E-04	4.0775143
9.738784E-04	4.07310065
9.744779E-04	4.0701736
9.747776E-04	4.06769903
9.756768E-04	4.06030151
9.765760E-04	4.0529339
9.774387E-04	4.04589773
9.782833E-04	4.03904677
9.791279E-04	4.0322366
9.796909E-04	4.02516092
9.802539E-04	4.01810964
9.808170E-04	4.0110854
9.813800E-04	4.0040909
9.820543E-04	3.99575904
9.827285E-04	3.98748283
9.834028E-04	3.97927121
9.836740E-04	3.97599244
9.838523E-04	3.97259005
9.843018E-04	3.9640471
9.847513E-04	3.95554536
9.851620E-04	3.94781695
9.857200E-04	3.93738843
9.862780E-04	3.92705264
9.866500E-04	3.92022079
9.867120E-04	3.91909098
9.870220E-04	3.91068649
9.873940E-04	3.90066016
9.877660E-04	3.89070001
9.881070E-04	3.88163519
9.885720E-04	3.86938865
9.888820E-04	3.86130728
9.889440E-04	3.859706
9.891920E-04	3.85036182
9.895020E-04	3.8387651
9.898120E-04	3.82726177
9.901220E-04	3.81586324
9.904320E-04	3.80458272
9.908040E-04	3.7912237
9.910520E-04	3.7789533
9.913000E-04	3.76679321
9.915480E-04	3.75475595
9.917960E-04	3.74285585
9.919820E-04	3.73404601
9.920440E-04	3.73009559
9.922920E-04	3.71446658
9.925168E-04	3.70047046
9.927183E-04	3.68807396
9.929198E-04	3.67583736
9.930980E-04	3.66517022
9.931213E-04	3.66327673
9.933228E-04	3.64706537
9.935243E-04	3.63107683
9.937258E-04	3.61533871
9.939273E-04	3.59988308
9.940280E-04	3.59230526
9.941055E-04	3.58446454
9.943380E-04	3.56136911
9.944930E-04	3.54627622
9.946480E-04	3.53145845
9.947720E-04	3.51984979
9.948030E-04	3.51595389
9.949580E-04	3.49681794
9.951130E-04	3.47806778
9.952680E-04	3.45975248
9.954540E-04	3.43842939
9.955780E-04	3.42020045
9.957020E-04	3.40237987
9.958260E-04	3.38501497
9.959190E-04	3.37237397
9.959500E-04	3.36691574
9.960740E-04	3.34565628
9.961980E-04	3.32504393
9.963143E-04	3.30638416
9.963840E-04	3.29560933
9.964228E-04	3.28769357
9.965313E-04	3.26624278
9.966398E-04	3.24559812
9.967483E-04	3.22586897
9.967793E-04	3.2205308
9.968568E-04	3.20331091
9.969653E-04	3.18040473
9.970428E-04	3.16503715
9.970738E-04	3.15731249
9.971706E-04	3.13453892
9.972559E-04	3.11573394
9.973063E-04	3.10541313
9.973411E-04	3.09596251
9.974264E-04	3.07441888
9.975116E-04	3.05471269
9.975756E-04	3.04135452
9.975930E-04	3.03810276
9.976395E-04	3.02600415
9.977034E-04	3.01105258
9.977674E-04	2.99810365
9.978255E-04	2.98844957
9.978274E-04	2.98800355
9.978798E-04	2.9780355
9.979321E-04	2.97037432
9.979844E-04	2.96547262
9.980367E-04	2.96389343
9.980890E-04	2.96633771
9.981239E-04	2.97062436
9.981588E-04	2.97738951
9.981936E-04	2.98698741
9.982285E-04	2.99982534
9.982634E-04	3.01637056
9.982905E-04	3.03253849
9.982983E-04	3.03802943
9.983331E-04	3.06759137
9.983680E-04	3.10270128
9.983951E-04	3.13434623
9.984068E-04	3.14972802
9.984223E-04	3.1727867
9.984494E-04	3.21784054
9.984765E-04	3.26809479
9.984843E-04	3.28409506
9.985036E-04	3.32797202
9.985308E-04	3.39574285
9.985521E-04	3.45448703
9.985579E-04	3.47179053
9.985850E-04	3.56024581
9.986005E-04	3.61562811
9.986121E-04	3.66024854
9.986393E-04	3.77365385
9.986586E-04	3.86193116
9.986664E-04	3.89976307
9.986935E-04	4.04331678
9.987051E-04	4.11005573
9.987206E-04	4.20416566
9.987458E-04	4.36941972
9.987478E-04	4.38283403
9.987749E-04	4.58512491
9.987865E-04	4.67854401
9.988020E-04	4.80967831
9.988233E-04	5.00185397
9.988272E-04	5.03882476
9.988446E-04	5.21373876
9.988659E-04	5.43940097
9.988679E-04	5.46105445
9.988873E-04	5.68659643
9.988950E-04	5.78166591
9.989086E-04	5.95360147
9.989221E-04	6.13451092
9.989299E-04	6.24135079
9.989493E-04	6.52201757
9.989512E-04	6.55103099
9.989725E-04	6.88583636
9.989764E-04	6.94972845
9.989938E-04	7.24640562
9.990035E-04	7.41914785
9.990151E-04	7.63303899
9.990306E-04	7.93156426
9.990364E-04	8.04706859
9.990578E-04	8.48977127
9.990849E-04	9.10327889
9.990897E-04	9.21623638
9.991120E-04	9.76954607
9.991217E-04	10.0176512
9.991411E-04	10.5440711
9.991517E-04	10.8427255
9.991701E-04	11.3860547
9.991779E-04	11.6218989
9.991992E-04	12.3015242
9.992040E-04	12.4606783
9.992283E-04	13.2931631
9.992302E-04	13.3617647
9.992563E-04	14.3289417
9.992573E-04	14.3663589
9.992825E-04	15.3660905
9.992864E-04	15.5275721
9.993154E-04	16.7715861
9.993174E-04	16.8567883
9.993445E-04	18.1135143
9.993523E-04	18.4821219
9.993736E-04	19.5474323
9.993871E-04	20.2426317
9.994026E-04	21.0757035
9.994220E-04	22.1443214
9.994356E-04	22.9296371
9.994627E-04	24.5382528
9.994898E-04	26.263206
9.995034E-04	27.1480329
9.995305E-04	28.999065
9.995441E-04	29.9518512
9.995712E-04	31.9377714
9.995848E-04	32.9580791
9.996119E-04	35.0771739
9.996254E-04	36.1643509
9.996537E-04	38.5183989
9.996750E-04	40.3362991
9.996979E-04	42.3646339
9.997351E-04	45.7412579
9.997421E-04	46.3990266
9.997940E-04	51.4040088
9.998072E-04	52.7030206
9.998560E-04	57.7076371
9.999335E-04	65.8209973
1.000073E-03	80.6637243
1.000151E-03	88.6624458
1.000172E-03	90.8165515
1.000197E-03	93.2130487
1.000259E-03	98.9162123
1.000321E-03	104.010564
1.000377E-03	107.983332
1.000383E-03	108.380828
1.000423E-03	110.790591
1.000442E-03	111.773247
1.000470E-03	113.107539
1.000505E-03	114.514401
1.000529E-03	115.308214
1.000560E-03	116.04918
1.000599E-03	116.755278
1.000617E-03	116.889269
1.000655E-03	116.972567
1.000666E-03	116.893075
1.000712E-03	116.356845
1.000749E-03	115.42792
1.000767E-03	114.878842
1.000805E-03	113.499938
1.000811E-03	113.235863
1.000867E-03	110.46892
1.000918E-03	107.329285
1.000966E-03	103.891281
1.000978E-03	102.955531
1.001028E-03	98.9216859
1.001046E-03	97.3392619
1.001090E-03	93.4387552
1.001121E-03	90.5421422
1.001183E-03	84.5328423
1.001375E-03	65.2800807
1.001437E-03	59.2631922
1.001443E-03	58.6691891
1.001505E-03	52.9312503
1.001530E-03	50.7188084
1.001555E-03	48.5628181
1.001592E-03	45.4351032
1.001611E-03	43.8621704
1.001639E-03	41.7227195
1.001670E-03	39.3811147
1.001685E-03	38.2429276
1.001716E-03	36.0546776
1.001728E-03	35.2602824
1.001747E-03	33.9799693
1.001778E-03	32.0013965
1.001786E-03	31.5241779
1.001809E-03	30.1447533
1.001840E-03	28.3740632
1.001844E-03	28.1605747
1.001869E-03	26.8306916
1.001898E-03	25.3539267
1.001902E-03	25.1646834
1.001927E-03	23.9874073
1.001956E-03	22.6831262
1.001960E-03	22.5159072
1.001985E-03	21.4822386
1.002014E-03	20.3395042
1.002018E-03	20.1936516
1.002043E-03	19.2930057
1.002073E-03	18.2992418
1.002076E-03	18.1722921
1.002102E-03	17.3930985
1.002131E-03	16.5348205
1.002135E-03	16.4257847
1.002162E-03	15.7055744
1.002185E-03	15.1152866
1.002193E-03	14.925786
1.002208E-03	14.5687989
1.002231E-03	14.053965
1.002247E-03	13.7237633
1.002255E-03	13.5680178
1.002278E-03	13.1192248
1.002299E-03	12.7238145
1.002301E-03	12.6898684
1.002324E-03	12.2994014
1.002348E-03	11.9243051
1.002352E-03	11.8642694
1.002371E-03	11.5817884
1.002394E-03	11.2563998
1.002404E-03	11.1260475
1.002417E-03	10.9548212
1.002441E-03	10.6730221
1.002456E-03	10.4924809
1.002464E-03	10.408638
1.002487E-03	10.1673374
1.002510E-03	9.93554511
1.002526E-03	9.7871346
1.002536E-03	9.70209332
1.002563E-03	9.47473252
1.002590E-03	9.2574077
1.002596E-03	9.21284422
1.002617E-03	9.06339539
1.002644E-03	8.88154297
1.002665E-03	8.74471313
1.002671E-03	8.71052799
1.002698E-03	8.55785104
1.002725E-03	8.41153475
1.002735E-03	8.36129681
1.002753E-03	8.27868431
1.002780E-03	8.15538805
1.002807E-03	8.03672229
1.002809E-03	8.02858101
1.002834E-03	7.93388547
1.002861E-03	7.83570913
1.002888E-03	7.74100602
1.002915E-03	7.64936733
1.002925E-03	7.6178952
1.002956E-03	7.53001626
1.002991E-03	7.4354489
1.003026E-03	7.3443591
1.003041E-03	7.30520987
1.003061E-03	7.26203198
1.003096E-03	7.18698189
1.003130E-03	7.11422151
1.003158E-03	7.05957732
1.003183E-03	7.01501698
1.003235E-03	6.92624284
1.003287E-03	6.84056447
1.003313E-03	6.80057716
1.003340E-03	6.76301835
1.003392E-03	6.6927718
1.003444E-03	6.62435978
1.003475E-03	6.58488053
1.003514E-03	6.54260213
1.003578E-03	6.47485229
1.003642E-03	6.40871712
1.003727E-03	6.32265255
1.003731E-03	6.31883763
1.003812E-03	6.25116918
1.003898E-03	6.18198643
1.003983E-03	6.11425697
1.003987E-03	6.11123931
1.004068E-03	6.05644016
1.004153E-03	6.00013035
1.004227E-03	5.9523865
1.004250E-03	5.93933266
1.004359E-03	5.87969622
1.004467E-03	5.82123682
1.004537E-03	5.78431468
1.004576E-03	5.76723095
1.004684E-03	5.72029466
1.004793E-03	5.67414974
1.004901E-03	5.62870548
1.005002E-03	5.58708583
1.005010E-03	5.58438532
1.005134E-03	5.5418549
1.005273E-03	5.49477123
1.005312E-03	5.48188947
1.005413E-03	5.4538969
1.005552E-03	5.41576054
1.005692E-03	5.37817316
1.005831E-03	5.34107191
1.005932E-03	5.31458871
1.005971E-03	5.30641
1.006110E-03	5.27735229
1.006265E-03	5.24546931
1.006436E-03	5.2108335
1.006552E-03	5.18749327
1.006606E-03	5.17883979
1.006777E-03	5.15199995
1.006947E-03	5.12547684
1.007118E-03	5.09923593
1.007288E-03	5.0732473
1.007420E-03	5.05334006
1.007459E-03	5.04873746
1.007653E-03	5.02597052
1.007870E-03	5.00074838
1.008087E-03	4.97578528
1.008288E-03	4.9528181
1.008304E-03	4.95143572
1.008521E-03	4.93228587
1.008738E-03	4.91331733
1.008955E-03	4.89451086
1.009172E-03	4.87584978
1.009409E-03	4.85554213
1.009460E-03	4.85127749
1.009668E-03	4.8375616
1.009927E-03	4.82068288
1.010186E-03	4.80393625
1.010445E-03	4.78730777
1.010631E-03	4.77537456
1.010703E-03	4.77188396
1.011091E-03	4.75320892
1.011350E-03	4.74086264
1.011665E-03	4.7259565
1.011979E-03	4.71114691
1.012294E-03	4.69642363
1.012428E-03	4.69014668
1.012608E-03	4.68426536
1.012923E-03	4.67404241
1.013394E-03	4.65882345
1.013866E-03	4.64372562
1.014270E-03	4.63086814
1.014675E-03	4.61807898
1.015079E-03	4.60535025
1.015124E-03	4.6039418
1.015483E-03	4.59610093
1.015888E-03	4.58732783
1.016292E-03	4.5785982
1.016899E-03	4.56557543
1.017348E-03	4.55597805
1.017820E-03	4.54594167
1.017842E-03	4.54561956
1.018336E-03	4.53857512
1.018830E-03	4.53156619
1.019325E-03	4.52458899
1.019819E-03	4.51764076
1.020560E-03	4.50726632
1.021054E-03	4.50037782
1.021683E-03	4.49163848
1.022312E-03	4.4829277
1.022492E-03	4.48044622
1.022941E-03	4.4767556
1.023570E-03	4.4716115
1.024199E-03	4.46648773
1.024828E-03	4.4613822
1.025771E-03	4.45375417
1.026715E-03	4.44615776
1.027658E-03	4.43858877
1.028602E-03	4.43104349
1.029545E-03	4.42351886
1.030039E-03	4.41958688
1.030489E-03	4.4175947
1.031432E-03	4.41342704
1.032375E-03	4.40927341
1.033319E-03	4.4051322
1.034891E-03	4.39825414
1.036149E-03	4.39277024
1.037227E-03	4.38808099
1.038306E-03	4.383401
1.039384E-03	4.37872914
1.040462E-03	4.37406487
1.041900E-03	4.37096484
1.043337E-03	4.36787451
1.044775E-03	4.364793
1.046213E-03	4.36171917
1.047650E-03	4.35865213
1.049088E-03	4.35559104
1.050526E-03	4.35253528
1.051963E-03	4.3494842
1.053401E-03	4.34643735
1.054838E-03	4.34339424
1.056276E-03	4.34035453
1.058432E-03	4.33580056
1.060589E-03	4.33125245
1.062745E-03	4.3293733
1.064902E-03	4.32749854
1.067058E-03	4.32562763
1.069215E-03	4.32376007
1.071371E-03	4.32189548
1.073528E-03	4.32003351
1.075684E-03	4.31817384
1.079278E-03	4.31507893
1.082153E-03	4.31260647
1.085029E-03	4.31013657
1.087904E-03	4.30766896
1.090779E-03	4.30520335
1.093654E-03	4.3027395
1.096530E-03	4.3002772
1.099405E-03	4.29781627
1.102082E-03	4.29707543
1.106000E-03	4.29599321
1.109720E-03	4.29496718
1.115300E-03	4.29343068
1.118400E-03	4.29257818
1.121500E-03	4.29172637
1.126100E-03	4.29046348
1.130667E-03	4.28921083
1.135218E-03	4.28796378
1.139769E-03	4.28671756
1.144319E-03	4.28547215
1.148870E-03	4.28422739
1.153421E-03	4.28298325
1.157971E-03	4.28173962
1.167072E-03	4.27925375
1.173140E-03	4.27759736
1.179207E-03	4.27594153
1.185275E-03	4.27428621
1.191342E-03	4.27263133
1.197410E-03	4.27097684
1.203477E-03	4.27060178
1.209545E-03	4.27022703
1.215612E-03	4.26985254
1.227747E-03	4.26910426
1.233815E-03	4.26873042
1.242916E-03	4.26816999
1.252017E-03	4.26760987
1.261118E-03	4.26705006
1.270219E-03	4.26649049
1.279321E-03	4.26593115
1.294489E-03	4.26499933
1.306624E-03	4.26425419
1.318759E-03	4.26350929
1.331163E-03	4.26274809
1.343567E-03	4.26198707
1.355972E-03	4.26122622
1.368376E-03	4.26046551
1.384914E-03	4.25945143
1.401453E-03	4.25843754
1.417992E-03	4.25742383
1.434531E-03	4.25641027
1.451069E-03	4.25539685
1.467608E-03	4.25438355
1.484147E-03	4.25337037
1.500686E-03	4.25235729
1.517225E-03	4.25134433
1.533763E-03	4.25033146
1.542033E-03	4.24982508
1.550302E-03	4.24968196
1.566841E-03	4.24939581
1.583380E-03	4.24910977
1.599918E-03	4.24882383
1.616457E-03	4.24853801
1.632996E-03	4.24825231
1.649535E-03	4.24796673
1.666074E-03	4.24768129
1.682612E-03	4.24739601
1.699151E-03	4.24711089
1.715690E-03	4.24682597
1.732229E-03	4.24654126
1.748767E-03	4.24625679
1.761171E-03	4.24604363
1.773576E-03	4.24583063
1.785980E-03	4.24561784
1.798384E-03	4.24540525
1.810788E-03	4.24519293
1.823192E-03	4.24498088
1.835596E-03	4.24476917
1.852225E-03	4.24448593
1.869125E-03	4.2441989
1.877575E-03	4.24405576
1.890250E-03	4.24384157
1.898700E-03	4.2436992
1.907150E-03	4.24355722
1.915600E-03	4.24341566
1.924050E-03	4.24327458
1.932500E-03	4.24313405
1.940950E-03	4.24299415
1.949400E-03	4.24285497
1.957850E-03	4.2427166
1.964188E-03	4.24261345
1.970525E-03	4.24251089
1.976863E-03	4.24240903
1.983200E-03	4.2423079
1.989538E-03	4.24220767
1.995875E-03	4.24210838
2.002213E-03	4.24201025
2.008550E-03	4.24191334
2.014888E-03	4.24181797
2.020380E-03	4.24173661
2.025450E-03	4.24166285
2.030520E-03	4.24159048
2.034458E-03	4.24153538
2.038395E-03	4.24148132
2.042908E-03	4.24142086
2.044040E-03	4.24140614
2.047420E-03	4.24168969
2.050935E-03	4.24198598
2.054450E-03	4.24228358
2.058152E-03	4.24259855
2.061853E-03	4.24291541
2.065300E-03	4.24321244
2.068748E-03	4.24351153
2.072157E-03	4.24380958
2.075567E-03	4.24411015
2.078853E-03	4.24440272
2.082139E-03	4.24469799
2.085394E-03	4.24499396
2.088588E-03	4.24528804
2.091783E-03	4.24558625
2.094588E-03	4.24585202
2.097199E-03	4.2461031
2.099810E-03	4.246358
2.101923E-03	4.24656765
2.105091E-03	4.24688867
2.107204E-03	4.24710722
2.109950E-03	4.24739743
2.112485E-03	4.24767278
2.115020E-03	4.24795628
2.116917E-03	4.24817448
2.118814E-03	4.24839841
2.120711E-03	4.24862871
2.122608E-03	4.24886635
2.124349E-03	4.24909171
2.126090E-03	4.2493251
2.127830E-03	4.24956627
2.129571E-03	4.24981745
2.131290E-03	4.25007661
2.133010E-03	4.25034812
2.134730E-03	4.25063296
2.136449E-03	4.25093369
2.138190E-03	4.25125656
2.139495E-03	4.25151253
2.140801E-03	4.25178193
2.142060E-03	4.25205618
2.142106E-03	4.25210855
2.143412E-03	4.25359581
2.144680E-03	4.25505801
2.145947E-03	4.25654122
2.147215E-03	4.2580472
2.148482E-03	4.25957907
2.149750E-03	4.2611413
2.151017E-03	4.2627369
2.152285E-03	4.26437263
2.153552E-03	4.26605467
2.154397E-03	4.26720534
2.155242E-03	4.26838251
2.156087E-03	4.26958923
2.156932E-03	4.27082902
2.157946E-03	4.27236613
2.158960E-03	4.27396493
2.159974E-03	4.27771727
2.160650E-03	4.28026437
2.161326E-03	4.28285266
2.162002E-03	4.2854869
2.162636E-03	4.28800306
2.163227E-03	4.29039669
2.163819E-03	4.29283877
2.164410E-03	4.29533459
2.165002E-03	4.29789035
2.165213E-03	4.29882718
2.165593E-03	4.30191739
2.166185E-03	4.30680026
2.166776E-03	4.31176863
2.167304E-03	4.31628584
2.168002E-03	4.32238154
2.168466E-03	4.32654042
2.168931E-03	4.33078531
2.169396E-03	4.33512631
2.169861E-03	4.33957513
2.169945E-03	4.34040603
2.170325E-03	4.34782313
2.170790E-03	4.35702494
2.171170E-03	4.36466748
2.171551E-03	4.37242436
2.171931E-03	4.38030833
2.172311E-03	4.38833404
2.172691E-03	4.39651832
2.173072E-03	4.40488059
2.173452E-03	4.41344339
2.173832E-03	4.42223292
2.174276E-03	4.43281525
2.174339E-03	4.43437464
2.174571E-03	4.44388778
2.174867E-03	4.45619664
2.175163E-03	4.46872998
2.175459E-03	4.48151418
2.175754E-03	4.49457966
2.175818E-03	4.49744702
2.176050E-03	4.51190566
2.176314E-03	4.52863646
2.176663E-03	4.55121658
2.176895E-03	4.56662547
2.177085E-03	4.57949526
2.177128E-03	4.58341371
2.177360E-03	4.60532476
2.177592E-03	4.62763711
2.177825E-03	4.6504025
2.178057E-03	4.67367678
2.178142E-03	4.68237647
2.178342E-03	4.71004772
2.178532E-03	4.73681893
2.178722E-03	4.76409358
2.178913E-03	4.79193487
2.178987E-03	4.80300761
2.179103E-03	4.82554251
2.179293E-03	4.86313443
2.179483E-03	4.90153607
2.179620E-03	4.92989779
2.179652E-03	4.9379525
2.179800E-03	4.97621039
2.179948E-03	5.01516671
2.180043E-03	5.04071415
2.180096E-03	5.0578033
2.180243E-03	5.10652446
2.180391E-03	5.15624123
2.180465E-03	5.18165842
2.180539E-03	5.21285637
2.180687E-03	5.27653372
2.180824E-03	5.33697099
2.180888E-03	5.36550383
2.180951E-03	5.40052018
2.181078E-03	5.47195304
2.181205E-03	5.5449996
2.181226E-03	5.55748261
2.181331E-03	5.63205504
2.181458E-03	5.72372596
2.181479E-03	5.73943298
2.181585E-03	5.83298098
2.181680E-03	5.91917939
2.181733E-03	5.96819372
2.181775E-03	6.01487312
2.181881E-03	6.13438045
2.181923E-03	6.1833972
2.181960E-03	6.23437298
2.182039E-03	6.34590309
2.182113E-03	6.45248565
2.182118E-03	6.46161461
2.182198E-03	6.60144776
2.182271E-03	6.73543299
2.182277E-03	6.7465733
2.182356E-03	6.91776655
2.182377E-03	6.96482367
2.182435E-03	7.11200756
2.182483E-03	7.23547807
2.182488E-03	7.25127325
2.182541E-03	7.41205836
2.182588E-03	7.55991173
2.182594E-03	7.57856373
2.182641E-03	7.74981749
2.182668E-03	7.84730197
2.182705E-03	8.00000716
2.182747E-03	8.17941975
2.182768E-03	8.28026307
2.182810E-03	8.48648523
2.182826E-03	8.56538294
2.182852E-03	8.71335312
2.182895E-03	8.95464891
2.182905E-03	9.01618851
2.182937E-03	9.22423172
2.182979E-03	9.50699187
2.182983E-03	9.53227097
2.183021E-03	9.82816282
2.183057E-03	10.1092726
2.183064E-03	10.1650343
2.183106E-03	10.5436727
2.183132E-03	10.780307
2.183148E-03	10.9450784
2.183181E-03	11.2866376
2.183190E-03	11.3861175
2.183231E-03	11.8459005
2.183233E-03	11.8652013
2.183275E-03	12.3911652
2.183281E-03	12.4648642
2.183312E-03	12.8912797
2.183330E-03	13.1492029
2.183359E-03	13.5864699
2.183380E-03	13.9033737
2.183407E-03	14.3498792
2.183430E-03	14.7345957
2.183454E-03	15.1874065
2.183479E-03	15.6500926
2.183502E-03	16.1054206
2.183529E-03	16.6567176
2.183550E-03	17.1097792
2.183579E-03	17.7624223
2.183597E-03	18.208015
2.183628E-03	18.9745651
2.183645E-03	19.406384
2.183678E-03	20.3013968
2.183692E-03	20.712185
2.183727E-03	21.7511197
2.183740E-03	22.1346875
2.183785E-03	23.5955248
2.183787E-03	23.6683245
2.183830E-03	25.1886052
2.183834E-03	25.3206563
2.183872E-03	26.7443675
2.183883E-03	27.1926044
2.183913E-03	28.4044808
2.183932E-03	29.2179068
2.183954E-03	30.1734112
2.183982E-03	31.4031409
2.183995E-03	32.0542313
2.184031E-03	33.7602828
2.184050E-03	34.7558287
2.184080E-03	36.2899737
2.184105E-03	37.6770512
2.184129E-03	39.0006281
2.184160E-03	40.8265751
2.184178E-03	41.8968457
2.184215E-03	44.228209
2.184243E-03	46.0544099
2.184264E-03	47.4136782
2.184297E-03	49.7381643
2.184327E-03	51.8800219
2.184361E-03	54.3684199
2.184390E-03	56.6629536
2.184424E-03	59.3246493
2.184454E-03	61.7681796
2.184487E-03	64.6001665
2.184517E-03	67.2078503
2.184572E-03	72.1101658
2.184580E-03	72.9038576
2.184648E-03	79.3259678
2.184656E-03	80.139203
2.184749E-03	89.5133867
2.184762E-03	90.8093834
2.184868E-03	102.035944
2.184880E-03	103.420731
2.185180E-03	136.45397
2.185189E-03	137.374183
2.185311E-03	150.199012
2.185316E-03	150.632182
2.185425E-03	161.149423
2.185434E-03	161.938561
2.185514E-03	168.718816
2.185539E-03	170.798593
2.185594E-03	174.774778
2.185628E-03	177.125097
2.185687E-03	180.651166
2.185713E-03	182.08155
2.185768E-03	184.624932
2.185789E-03	185.537934
2.185842E-03	187.293912
2.185865E-03	187.969253
2.185929E-03	188.911971
2.186000E-03	189.70872
2.186000E-03	189.707489
2.186071E-03	189.231718
2.186158E-03	187.363849
2.186232E-03	184.681102
2.186313E-03	180.717247
2.186406E-03	174.845201
2.186486E-03	168.761911
2.186490E-03	168.431967
2.186575E-03	161.088681
2.186592E-03	159.580372
2.186689E-03	150.08904
2.186718E-03	147.141509
2.186820E-03	136.352813
2.186870E-03	130.899171
2.187132E-03	102.026808
2.187149E-03	100.219535
2.187246E-03	89.9258854
2.187251E-03	89.4966765
2.187348E-03	79.7312481
2.187352E-03	79.3263916
2.187432E-03	71.7377065
2.187441E-03	70.9785077
2.187504E-03	65.3651372
2.187517E-03	64.2561629
2.187567E-03	60.0439498
2.187580E-03	59.0060225
2.187631E-03	55.0630975
2.187652E-03	53.4447951
2.187694E-03	50.3812989
2.187711E-03	49.1759473
2.187758E-03	46.032879
2.187770E-03	45.1886825
2.187808E-03	42.796091
2.187829E-03	41.4859726
2.187859E-03	39.7582543
2.187889E-03	38.0567881
2.187910E-03	36.9153041
2.187948E-03	34.8934357
2.187960E-03	34.2622506
2.188007E-03	31.986409
2.188011E-03	31.7932971
2.188062E-03	29.5148268
2.188066E-03	29.3280524
2.188113E-03	27.4084356
2.188117E-03	27.2153668
2.188161E-03	25.5591601
2.188163E-03	25.4639128
2.188204E-03	24.0195046
2.188214E-03	23.6830468
2.188247E-03	22.587821
2.188265E-03	22.0464182
2.188290E-03	21.2580546
2.188315E-03	20.5455464
2.188334E-03	20.0254226
2.188366E-03	19.1719963
2.188377E-03	18.8839853
2.188417E-03	17.9173879
2.188420E-03	17.8289604
2.188464E-03	16.8563915
2.188467E-03	16.7785147
2.188507E-03	15.9610341
2.188518E-03	15.746399
2.188550E-03	15.1360843
2.188569E-03	14.8131391
2.188615E-03	14.0190396
2.188620E-03	13.9536022
2.188670E-03	13.1860141
2.188680E-03	13.0368423
2.188704E-03	12.7172298
2.188745E-03	12.1727021
2.188746E-03	12.15993
2.188789E-03	11.6562574
2.188831E-03	11.1976912
2.188841E-03	11.085147
2.188873E-03	10.7744966
2.188894E-03	10.5713031
2.188915E-03	10.3841974
2.188947E-03	10.1089644
2.188958E-03	10.0260637
2.189000E-03	9.70112203
2.189026E-03	9.50186147
2.189042E-03	9.39604811
2.189084E-03	9.11945424
2.189105E-03	8.98370175
2.189127E-03	8.86342428
2.189169E-03	8.62751438
2.189185E-03	8.54062134
2.189211E-03	8.41209116
2.189264E-03	8.16094355
2.189274E-03	8.11616879
2.189338E-03	7.85511351
2.189343E-03	7.83378908
2.189380E-03	7.70073129
2.189422E-03	7.55161566
2.189433E-03	7.51867511
2.189486E-03	7.35780948
2.189528E-03	7.23174803
2.189538E-03	7.2042546
2.189591E-03	7.06968967
2.189634E-03	6.96458756
2.189670E-03	6.8837128
2.189739E-03	6.73784544
2.189750E-03	6.71845269
2.189829E-03	6.5771203
2.189898E-03	6.45766982
2.189908E-03	6.44203062
2.189987E-03	6.32769027
2.190056E-03	6.2314582
2.190119E-03	6.1562305
2.190225E-03	6.03491935
2.190267E-03	5.98751626
2.190320E-03	5.93749437
2.190415E-03	5.84950362
2.190479E-03	5.79218966
2.190542E-03	5.74416812
2.190669E-03	5.65073074
2.190780E-03	5.57088819
2.190795E-03	5.56140221
2.190922E-03	5.48736852
2.191049E-03	5.41495079
2.191081E-03	5.39719684
2.191176E-03	5.35319321
2.191313E-03	5.29102126
2.191461E-03	5.22547735
2.191482E-03	5.2162997
2.191609E-03	5.1711323
2.191757E-03	5.11956099
2.191883E-03	5.07620996
2.191904E-03	5.07040687
2.192052E-03	5.03065521
2.192200E-03	4.99169093
2.192422E-03	4.93453621
2.192507E-03	4.91324251
2.192612E-03	4.89167855
2.192802E-03	4.8537327
2.192929E-03	4.82894349
2.192992E-03	4.81897456
2.193183E-03	4.78974586
2.193373E-03	4.76111518
2.193563E-03	4.73302057
2.193753E-03	4.70540284
2.193774E-03	4.70238272
2.193943E-03	4.68436037
2.194175E-03	4.66010047
2.194408E-03	4.63635213
2.194640E-03	4.61305544
2.194788E-03	4.59848741
2.194873E-03	4.5922014
2.195105E-03	4.57527412
2.195337E-03	4.55866963
2.195686E-03	4.53429515
2.195802E-03	4.52633641
2.195950E-03	4.51895183
2.196246E-03	4.50452085
2.196541E-03	4.49040698
2.196837E-03	4.47657484
2.197133E-03	4.46299398
2.197429E-03	4.44963799
2.197492E-03	4.44681947
2.197724E-03	4.4395673
2.198168E-03	4.42605772
2.198548E-03	4.41475939
2.198929E-03	4.40368823
2.199182E-03	4.3964414
2.199309E-03	4.39405423
2.199689E-03	4.38707111
2.200069E-03	4.38024688
2.200450E-03	4.3735647
2.200830E-03	4.36700989
2.201210E-03	4.36056967
2.201675E-03	4.35283769
2.202140E-03	4.34524251
2.202562E-03	4.33844821
2.202604E-03	4.33806264
2.203069E-03	4.33392935
2.203534E-03	4.32989244
2.203999E-03	4.32594176
2.204696E-03	4.32015869
2.205224E-03	4.31587874
2.205815E-03	4.31117629
2.206407E-03	4.30655958
2.206998E-03	4.30201897
2.207590E-03	4.29754592
2.207632E-03	4.29723072
2.208181E-03	4.29526624
2.208773E-03	4.29320458
2.209660E-03	4.29020174
2.210365E-03	4.28788227
2.211071E-03	4.28561578
2.211776E-03	4.28339672
2.212482E-03	4.28122009
2.213187E-03	4.27908104
2.214245E-03	4.27593429
2.215303E-03	4.27285277
2.216160E-03	4.27039805
2.217017E-03	4.26797646
2.217752E-03	4.26592613
2.217875E-03	4.26581525
2.218732E-03	4.26506562
2.220018E-03	4.26398507
2.221304E-03	4.2629505
2.222589E-03	4.26195552
2.223875E-03	4.26099483
2.225161E-03	4.260064
2.226447E-03	4.25915928
2.227733E-03	4.25827749
2.229018E-03	4.25741594
2.230304E-03	4.25657229
2.232447E-03	4.25520072
2.234162E-03	4.25413017
2.235876E-03	4.25307989
2.237346E-03	4.25219375
2.238815E-03	4.25131925
2.240774E-03	4.25016963
2.242734E-03	4.24903509
2.244693E-03	4.24791417
2.246653E-03	4.24680526
2.248612E-03	4.24570688
2.249592E-03	4.24516232
2.250571E-03	4.24510904
2.252531E-03	4.24501067
2.254490E-03	4.24491956
2.256449E-03	4.24483493
2.258409E-03	4.24475607
2.260368E-03	4.24468239
2.263307E-03	4.24458045
2.266246E-03	4.24448749
2.269185E-03	4.24440226
2.272124E-03	4.24432372
2.275063E-03	4.24425101
2.278002E-03	4.2441834
2.280941E-03	4.24412025
2.283880E-03	4.24406106
2.286819E-03	4.24400535
2.289758E-03	4.24395277
2.294656E-03	4.24387127
2.298575E-03	4.24381057
2.302494E-03	4.24375343
2.306413E-03	4.24369939
2.310331E-03	4.24364806
2.314250E-03	4.24359913
2.318169E-03	4.24355231
2.322087E-03	4.24350736
2.326006E-03	4.24346408
2.329925E-03	4.24342229
2.333843E-03	4.24338182
2.341681E-03	4.24330437
2.347559E-03	4.24324891
2.353437E-03	4.24319529
2.359315E-03	4.24314335
2.365193E-03	4.24309281
2.371071E-03	4.24304355
2.376949E-03	4.24299536
2.382827E-03	4.24294816
2.392624E-03	4.24287136
2.400461E-03	4.24281136
2.408298E-03	4.24275243
2.416136E-03	4.24269445
2.423973E-03	4.24263728
2.431811E-03	4.24258084
2.439648E-03	4.24252502
2.447485E-03	4.24246977
2.455323E-03	4.242415
2.463160E-03	4.24236068
2.473300E-03	4.24229098
2.483440E-03	4.24222182
2.498650E-03	4.24211902
2.515550E-03	4.24200585
2.524000E-03	4.24194963
2.534721E-03	4.24187859
2.545442E-03	4.24180784
2.556163E-03	4.24173735
2.566884E-03	4.24166709
2.577605E-03	4.24159704
2.599047E-03	4.24145748
2.620490E-03	4.24131852
2.636571E-03	4.24121464
2.652653E-03	4.24111098
2.668734E-03	4.24100754
2.684816E-03	4.24090428
2.700898E-03	4.24080118
2.716979E-03	4.24069822
2.733061E-03	4.24059539
2.759863E-03	4.24042424
2.781306E-03	4.2402875
2.802748E-03	4.24015091
2.824190E-03	4.24001445
2.845632E-03	4.23987809
2.867074E-03	4.23974182
2.888516E-03	4.23960564
2.909958E-03	4.23946954
2.931401E-03	4.2393335
2.974285E-03	4.23906158
3.017169E-03	4.23878986
3.049332E-03	4.23858618
3.081495E-03	4.23838256
3.113659E-03	4.23817901
3.145822E-03	4.23797551
3.177985E-03	4.23777207
3.210148E-03	4.23756867
3.253033E-03	4.23729753
3.295917E-03	4.23702644
3.338801E-03	4.23675541
3.381685E-03	4.23648442
3.424570E-03	4.23621347
3.467454E-03	4.23594255
3.510338E-03	4.23567166
3.553222E-03	4.2354008
3.596107E-03	4.23512996
3.681875E-03	4.23458834
3.767644E-03	4.23404679
3.831970E-03	4.23364066
3.896297E-03	4.23323456
3.956944E-03	4.23285171
4.017591E-03	4.23246888
4.078238E-03	4.23208607
4.138885E-03	4.23170327
4.199531E-03	4.23132049
4.260178E-03	4.23093772
4.320825E-03	4.23055497
4.381472E-03	4.23017223
4.442119E-03	4.2297895
4.502766E-03	4.22940678
4.593737E-03	4.22883273
4.684707E-03	4.22825872
4.745354E-03	4.22787606
4.806001E-03	4.22749342
4.866648E-03	4.22711079
4.927295E-03	4.22672819
4.987942E-03	4.22634561
5.033428E-03	4.22605869
5.078913E-03	4.22577178
5.124398E-03	4.2254849
5.169883E-03	4.22519804
5.215368E-03	4.22491121
5.276015E-03	4.22452881
5.306339E-03	4.22433763
5.351824E-03	4.2240509
5.382148E-03	4.22385977
5.412471E-03	4.22366866
5.442795E-03	4.22347759
5.473118E-03	4.22328654
5.503442E-03	4.22309554
5.533765E-03	4.22290457
5.564089E-03	4.22271365
5.586831E-03	4.2225705
5.609574E-03	4.22242739
5.632316E-03	4.22228431
5.655059E-03	4.22214128
5.677802E-03	4.22199831
5.700544E-03	4.2218554
5.730868E-03	4.22166496
5.761191E-03	4.22147468
5.776353E-03	4.22137961
5.791515E-03	4.22128459
5.806677E-03	4.22118963
5.821838E-03	4.22109474
5.837000E-03	4.22099992
5.860900E-03	4.22085064
5.872850E-03	4.22077609
5.884800E-03	4.22070162
5.896750E-03	4.22062722
5.908700E-03	4.22055292
5.920650E-03	4.22047872
5.932600E-03	4.22040464
5.944550E-03	4.22033068
5.956500E-03	4.22025688
5.968450E-03	4.22018324
5.980400E-03	4.2201098
5.995338E-03	4.2200183
6.004300E-03	4.2199636
6.013263E-03	4.21990907
6.022225E-03	4.21985473
6.031188E-03	4.21980061
6.040150E-03	4.21974672
6.049113E-03	4.21969311
6.058075E-03	4.21963981
6.067038E-03	4.21958687
6.076000E-03	4.21953434
6.083170E-03	4.21949267
6.090340E-03	4.21945134
6.096309E-03	4.21941723
6.102278E-03	4.21938343
6.109448E-03	4.21934327
6.115829E-03	4.21930801
6.122378E-03	4.21927235
6.129094E-03	4.2192364
6.134152E-03	4.21920981
6.135941E-03	4.21920057
6.139251E-03	4.21935066
6.144351E-03	4.21958243
6.149245E-03	4.21980539
6.154035E-03	4.22002426
6.158825E-03	4.22024379
6.163473E-03	4.22045752
6.168120E-03	4.22067199
6.172723E-03	4.22088537
6.177240E-03	4.22109572
6.181758E-03	4.22130718
6.186322E-03	4.22152216
6.190911E-03	4.22173974
6.195500E-03	4.22195907
6.201606E-03	4.22225425
6.204660E-03	4.22240338
6.207713E-03	4.22255372
6.210635E-03	4.2226989
6.213556E-03	4.2228455
6.216478E-03	4.2229937
6.219400E-03	4.22314367
6.222519E-03	4.22330594
6.225638E-03	4.22347085
6.228757E-03	4.22363883
6.231876E-03	4.2238102
6.234636E-03	4.22396511
6.237397E-03	4.22412372
6.240157E-03	4.22428652
6.242227E-03	4.22441164
6.244399E-03	4.22454615
6.246622E-03	4.22468769
6.248845E-03	4.22483369
6.251068E-03	4.22498476
6.253290E-03	4.22514163
6.255489E-03	4.22530334
6.257640E-03	4.22546899
6.259791E-03	4.22564314
6.261225E-03	4.22576454
6.262659E-03	4.22589085
6.264093E-03	4.22602252
6.265527E-03	4.22616014
6.266842E-03	4.22629228
6.268634E-03	4.22648296
6.269829E-03	4.22661761
6.270068E-03	4.22664591
6.271024E-03	4.22744864
6.272219E-03	4.22845963
6.273414E-03	4.22947909
6.274609E-03	4.23050804
6.275804E-03	4.23154767
6.277238E-03	4.23281129
6.278194E-03	4.23366472
6.279150E-03	4.23452809
6.280106E-03	4.23540252
6.281062E-03	4.23628929
6.282018E-03	4.23718986
6.282974E-03	4.23810589
6.283840E-03	4.23895102
6.285006E-03	4.24011305
6.285782E-03	4.24090617
6.286559E-03	4.241716
6.287336E-03	4.24254451
6.288113E-03	4.24339391
6.288232E-03	4.24352819
6.288889E-03	4.2457169
6.289666E-03	4.24832989
6.290562E-03	4.25138214
6.291459E-03	4.25448039
6.292056E-03	4.2565752
6.292654E-03	4.25869652
6.293251E-03	4.2608474
6.293849E-03	4.26303132
6.294446E-03	4.26525227
6.295163E-03	4.26797288
6.295880E-03	4.27076302
6.296358E-03	4.2726673
6.296836E-03	4.27700202
6.297314E-03	4.28138123
6.297792E-03	4.28581015
6.298270E-03	4.2902948
6.298688E-03	4.29427004
6.299107E-03	4.29829862
6.299525E-03	4.3023867
6.299943E-03	4.30654133
6.300361E-03	4.3107707
6.300780E-03	4.31508431
6.301198E-03	4.3232593
6.301616E-03	4.33154274
6.301945E-03	4.33813731
6.302273E-03	4.34481688
6.302602E-03	4.35159188
6.302931E-03	4.35847354
6.303259E-03	4.36547572
6.303409E-03	4.3687202
6.303588E-03	4.37518606
6.303916E-03	4.38719477
6.304245E-03	4.3993793
6.304514E-03	4.40949777
6.304783E-03	4.4197677
6.305052E-03	4.4302093
6.305201E-03	4.43611775
6.305321E-03	4.44334069
6.305589E-03	4.45981382
6.305858E-03	4.47653991
6.306127E-03	4.49355934
6.306396E-03	4.51091881
6.306605E-03	4.53073892
6.306814E-03	4.55083479
6.307023E-03	4.57125093
6.307233E-03	4.59203841
6.307292E-03	4.59810344
6.307442E-03	4.62119396
6.307598E-03	4.64577751
6.307755E-03	4.6707047
6.307912E-03	4.69602983
6.308069E-03	4.72182626
6.308218E-03	4.74694496
6.308233E-03	4.75066985
6.308357E-03	4.78187911
6.308480E-03	4.81357495
6.308603E-03	4.84584289
6.308637E-03	4.85482702
6.308726E-03	4.88632662
6.308849E-03	4.93043556
6.308950E-03	4.9672906
6.308973E-03	4.97752237
6.309055E-03	5.01563469
6.309137E-03	5.05430408
6.309159E-03	5.06501571
6.309219E-03	5.10047585
6.309301E-03	5.14993012
6.309384E-03	5.20015664
6.309413E-03	5.21878166
6.309484E-03	5.27461559
6.309585E-03	5.35547373
6.309637E-03	5.39813557
6.309652E-03	5.41286107
6.309720E-03	5.47995877
6.309787E-03	5.5479787
6.309854E-03	5.62850038
6.309921E-03	5.71011083
6.309936E-03	5.7285188
6.309988E-03	5.8037897
6.310056E-03	5.90187924
6.310086E-03	5.94611401
6.310123E-03	6.01075098
6.310190E-03	6.12865865
6.310235E-03	6.20837712
6.310257E-03	6.25404681
6.310325E-03	6.39285449
6.310347E-03	6.43978659
6.310392E-03	6.5451284
6.310459E-03	6.70525378
6.310537E-03	6.91785184
6.310571E-03	7.01041307
6.310616E-03	7.14854686
6.310683E-03	7.35892515
6.310694E-03	7.39811118
6.310773E-03	7.67648025
6.310795E-03	7.75726356
6.310851E-03	7.98224866
6.310907E-03	8.21059769
6.310930E-03	8.31219604
6.311008E-03	8.67272
6.311019E-03	8.72497458
6.311086E-03	9.07251187
6.311131E-03	9.30745011
6.311165E-03	9.50225142
6.311243E-03	9.96284533
6.311243E-03	9.96290487
6.311319E-03	10.457401
6.311355E-03	10.700198
6.311388E-03	10.9396791
6.311458E-03	11.451322
6.311467E-03	11.5236596
6.311527E-03	12.0104292
6.311579E-03	12.4408999
6.311597E-03	12.5929018
6.311654E-03	13.1068366
6.311666E-03	13.2208991
6.311756E-03	14.0862157
6.311759E-03	14.1172557
6.311851E-03	15.0906487
6.311857E-03	15.1541944
6.311944E-03	16.141605
6.311959E-03	16.3139158
6.312036E-03	17.2697058
6.312060E-03	17.5674088
6.312144E-03	18.6750447
6.312162E-03	18.9153829
6.312252E-03	20.1874727
6.312263E-03	20.3590338
6.312359E-03	21.8066548
6.312365E-03	21.8981601
6.312467E-03	23.5307652
6.312574E-03	25.3632256
6.312586E-03	25.5689402
6.312706E-03	27.7247967
6.312730E-03	28.178038
6.312885E-03	31.1549794
6.312909E-03	31.6346357
6.313064E-03	34.781367
6.313136E-03	36.2857847
6.313626E-03	46.620357
6.313829E-03	50.7099395
6.313841E-03	50.9353303
6.314008E-03	54.0472053
6.314020E-03	54.2501108
6.314175E-03	56.8387906
6.314181E-03	56.928998
6.314283E-03	58.4264303
6.314319E-03	58.8890745
6.314450E-03	60.5353653
6.314468E-03	60.7200695
6.314582E-03	61.8435025
6.314594E-03	61.9375249
6.314701E-03	62.7429489
6.314707E-03	62.7740642
6.314849E-03	63.4515213
6.314857E-03	63.4666096
6.315000E-03	63.6959472
6.315002E-03	63.6983092
6.315129E-03	63.5199863
6.315143E-03	63.4666707
6.315263E-03	62.9620259
6.315293E-03	62.773545
6.315370E-03	62.2495158
6.315406E-03	61.9403197
6.315490E-03	61.1871646
6.315532E-03	60.7215691
6.315645E-03	59.41207
6.315681E-03	58.9233795
6.315789E-03	57.4171638
6.315813E-03	57.0374004
6.315956E-03	54.7132413
6.316135E-03	51.432826
6.316153E-03	51.0998936
6.316338E-03	47.3869953
6.316386E-03	46.4196802
6.316918E-03	35.2118129
6.316924E-03	35.0866812
6.317079E-03	31.9362889
6.317103E-03	31.4551914
6.317241E-03	28.8103921
6.317282E-03	28.0124595
6.317366E-03	26.5008273
6.317432E-03	25.3229576
6.317474E-03	24.6147382
6.317566E-03	23.0600965
6.317581E-03	22.8243812
6.317689E-03	21.1432262
6.317701E-03	20.958354
6.317796E-03	19.5780197
6.317835E-03	19.0224893
6.317868E-03	18.5867548
6.317958E-03	17.4091751
6.317970E-03	17.2537822
6.318047E-03	16.3200449
6.318091E-03	15.805001
6.318137E-03	15.2918644
6.318185E-03	14.7684115
6.318227E-03	14.339181
6.318279E-03	13.8090669
6.318316E-03	13.4552964
6.318373E-03	12.9244236
6.318406E-03	12.6380087
6.318467E-03	12.1112692
6.318495E-03	11.8844333
6.318561E-03	11.3655556
6.318563E-03	11.3545755
6.318637E-03	10.8141442
6.318655E-03	10.6860389
6.318716E-03	10.2863355
6.318749E-03	10.0671261
6.318794E-03	9.79763186
6.318843E-03	9.50513103
6.318873E-03	9.34606227
6.318938E-03	8.99611655
6.318951E-03	8.92964242
6.319029E-03	8.54726485
6.319032E-03	8.53649187
6.319108E-03	8.20287483
6.319138E-03	8.07390359
6.319186E-03	7.88499419
6.319250E-03	7.64158728
6.319265E-03	7.59024406
6.319343E-03	7.32472442
6.319362E-03	7.26242605
6.319422E-03	7.08413792
6.319474E-03	6.93031376
6.319489E-03	6.89247669
6.319556E-03	6.72454569
6.319623E-03	6.55886694
6.319661E-03	6.46799429
6.319690E-03	6.40687902
6.319758E-03	6.27132348
6.319810E-03	6.16728552
6.319825E-03	6.14181871
6.319892E-03	6.02888382
6.319959E-03	5.91748443
6.320026E-03	5.8234451
6.320094E-03	5.73068984
6.320109E-03	5.71033637
6.320161E-03	5.6493953
6.320228E-03	5.57211912
6.320258E-03	5.5382199
6.320295E-03	5.50187484
6.320363E-03	5.43736779
6.320407E-03	5.39491715
6.320430E-03	5.37728151
6.320497E-03	5.32514467
6.320587E-03	5.2566762
6.320631E-03	5.22298707
6.320676E-03	5.19587996
6.320766E-03	5.14261619
6.320856E-03	5.09020288
6.320945E-03	5.04944248
6.321035E-03	5.00934485
6.321124E-03	4.96982413
6.321154E-03	4.95682474
6.321214E-03	4.93654123
6.321348E-03	4.89173837
6.321453E-03	4.857558
6.321483E-03	4.8500546
6.321617E-03	4.81701033
6.321752E-03	4.78457116
6.321886E-03	4.75263984
6.321901E-03	4.74914211
6.322036E-03	4.72521476
6.322192E-03	4.69778723
6.322349E-03	4.67078196
6.322506E-03	4.65021559
6.322663E-03	4.62996099
6.322872E-03	4.60336764
6.322947E-03	4.59401559
6.323081E-03	4.58153872
6.323290E-03	4.56247478
6.323499E-03	4.5437089
6.323738E-03	4.52257653
6.323843E-03	4.51346607
6.324007E-03	4.50335427
6.324276E-03	4.48712439
6.324545E-03	4.47116629
6.324814E-03	4.45544558
6.325038E-03	4.44251758
6.325083E-03	4.44082402
6.325352E-03	4.43084692
6.325621E-03	4.42103074
6.325919E-03	4.41029142
6.326248E-03	4.39865767
6.326577E-03	4.38718853
6.326905E-03	4.37586469
6.327010E-03	4.37230239
6.327234E-03	4.36759875
6.327562E-03	4.36081381
6.327891E-03	4.35412957
6.328220E-03	4.34753563
6.328593E-03	4.34013988
6.329011E-03	4.33196587
6.329340E-03	4.32562346
6.329430E-03	4.32466587
6.329848E-03	4.32028702
6.330266E-03	4.31598753
6.330684E-03	4.3117586
6.331103E-03	4.30759262
6.331521E-03	4.303483
6.331969E-03	4.29913592
6.332447E-03	4.29455613
6.332925E-03	4.290029
6.333403E-03	4.28554892
6.333881E-03	4.28111101
6.334120E-03	4.27891535
6.334598E-03	4.27700194
6.335315E-03	4.274205
6.335853E-03	4.27214919
6.336450E-03	4.26990213
6.337048E-03	4.26769009
6.337645E-03	4.26550931
6.338243E-03	4.26335655
6.339139E-03	4.26017381
6.340035E-03	4.25703954
6.340722E-03	4.25466514
6.341499E-03	4.25200733
6.342276E-03	4.24937437
6.342724E-03	4.24786815
6.343053E-03	4.24751124
6.343829E-03	4.24668742
6.344606E-03	4.24588129
6.345383E-03	4.24509102
6.346548E-03	4.24393186
6.347438E-03	4.24306498
6.348328E-03	4.24221246
6.349219E-03	4.24137284
6.350554E-03	4.24013482
6.351889E-03	4.23891931
6.353224E-03	4.2377231
6.354276E-03	4.23679313
6.355488E-03	4.23573202
6.356700E-03	4.23468178
6.357912E-03	4.23364122
6.359125E-03	4.23260929
6.360337E-03	4.23158509
6.361549E-03	4.2305678
6.363368E-03	4.22905334
6.364060E-03	4.22848048
6.364753E-03	4.22843247
6.366139E-03	4.22834266
6.367524E-03	4.22825843
6.368909E-03	4.22817919
6.370988E-03	4.22806864
6.373066E-03	4.22796681
6.375231E-03	4.22786873
6.377569E-03	4.22777068
6.379906E-03	4.2276797
6.382244E-03	4.22759482
6.384582E-03	4.22751522
6.386920E-03	4.22744022
6.389258E-03	4.22736929
6.391596E-03	4.22730202
6.393934E-03	4.22723782
6.396272E-03	4.22717631
6.398610E-03	4.22711726
6.401121E-03	4.2270563
6.403719E-03	4.22699561
6.406317E-03	4.22693708
6.408914E-03	4.22688046
6.411512E-03	4.22682555
6.414976E-03	4.2267547
6.418439E-03	4.22668622
6.421903E-03	4.2266198
6.425367E-03	4.22655521
6.428830E-03	4.2264922
6.432294E-03	4.22643061
6.435758E-03	4.22637026
6.439221E-03	4.22631103
6.442685E-03	4.22625279
6.446148E-03	4.22619545
6.451344E-03	4.2261109
6.456539E-03	4.22602789
6.461735E-03	4.22594622
6.466930E-03	4.22586576
6.472818E-03	4.22577568
6.481131E-03	4.22565036
6.487366E-03	4.22555757
6.493600E-03	4.22546566
6.499835E-03	4.22537449
6.506069E-03	4.22528398
6.512304E-03	4.22519405
6.518538E-03	4.22510463
6.524773E-03	4.22501566
6.535164E-03	4.22486823
6.543477E-03	4.22475096
6.551789E-03	4.22463418
6.560102E-03	4.22451785
6.568415E-03	4.22440189
6.576727E-03	4.22428628
6.585040E-03	4.22417095
6.593353E-03	4.22405588
6.601666E-03	4.22394104
6.618291E-03	4.22371197
6.629375E-03	4.22355963
6.640458E-03	4.22340754
6.651542E-03	4.22325567
6.662626E-03	4.22310401
6.673709E-03	4.22295251
6.684793E-03	4.22280118
6.695876E-03	4.22264998
6.706960E-03	4.22249891
6.721300E-03	4.22230362
6.735640E-03	4.2221085
6.757150E-03	4.22181611
6.781050E-03	4.22149158
6.793000E-03	4.22132944
6.806161E-03	4.22115096
6.819323E-03	4.22097257
6.832484E-03	4.22079428
6.845646E-03	4.22061607
6.858807E-03	4.22043796
6.871968E-03	4.22025994
6.885130E-03	4.22008203
6.898291E-03	4.21990422
6.911453E-03	4.21972653
6.924614E-03	4.21954897
6.937775E-03	4.21937154
6.954227E-03	4.21914998
6.964098E-03	4.21901719
6.973969E-03	4.21888452
6.983840E-03	4.21875197
6.993711E-03	4.21861959
7.003582E-03	4.21848737
7.013385E-03	4.21835628
7.023187E-03	4.21822541
7.030538E-03	4.21812743
7.037890E-03	4.21802962
7.045242E-03	4.21793201
7.052593E-03	4.21783461
7.059945E-03	4.21773747
7.067297E-03	4.21764062
7.074648E-03	4.21754411
7.080162E-03	4.21747198
7.085338E-03	4.21740449
7.090344E-03	4.21733945
7.095350E-03	4.21727467
7.100356E-03	4.21721019
7.105363E-03	4.21714603
7.110369E-03	4.21708225
7.115375E-03	4.21701889
7.120381E-03	4.21695603
7.125388E-03	4.21689373
7.130394E-03	4.21683208
7.135400E-03	4.21677119
7.140406E-03	4.21671116
7.143744E-03	4.21667171
7.147081E-03	4.2166328
7.150419E-03	4.21659447
7.153756E-03	4.21655681
7.157094E-03	4.21651989
7.160431E-03	4.21648382
7.163658E-03	4.21644987
7.166773E-03	4.21641807
7.169888E-03	4.21638737
7.173003E-03	4.21635791
7.176118E-03	4.21632992
7.178454E-03	4.21631002
7.180790E-03	4.21629117
7.183126E-03	4.21627349
7.183754E-03	4.21626911
7.185463E-03	4.21644709
7.187797E-03	4.21669175
7.190127E-03	4.2169377
7.192458E-03	4.21718558
7.194788E-03	4.21743571
7.197118E-03	4.21768843
7.199449E-03	4.21794414
7.201604E-03	4.21818373
7.203759E-03	4.21842679
7.205196E-03	4.21859098
7.206633E-03	4.21875712
7.208070E-03	4.21892546
7.209506E-03	4.21909625
7.210943E-03	4.21926977
7.212650E-03	4.21947994
7.214357E-03	4.2196951
7.216065E-03	4.21991615
7.217203E-03	4.22006724
7.218341E-03	4.22022163
7.219479E-03	4.2203797
7.220542E-03	4.22053116
7.222026E-03	4.22074933
7.223015E-03	4.22089982
7.224004E-03	4.22105486
7.224993E-03	4.22121498
7.225982E-03	4.2213808
7.226971E-03	4.22155302
7.227960E-03	4.22173244
7.229075E-03	4.22194446
7.230189E-03	4.22216842
7.231304E-03	4.2224063
7.232047E-03	4.22257373
7.232790E-03	4.22274918
7.233534E-03	4.22293355
7.234223E-03	4.22311359
7.235178E-03	4.2233788
7.235814E-03	4.2235673
7.236451E-03	4.2237664
7.237087E-03	4.22397731
7.237723E-03	4.22420147
7.238360E-03	4.2244405
7.238996E-03	4.2246963
7.239730E-03	4.22501517
7.240465E-03	4.2253633
7.240954E-03	4.22561401
7.241444E-03	4.22588155
7.241933E-03	4.22616788
7.242423E-03	4.22647523
7.242912E-03	4.22680619
7.243513E-03	4.22724906
7.243913E-03	4.22756975
7.244314E-03	4.22791341
7.244692E-03	4.22826214
7.244714E-03	4.22833752
7.245115E-03	4.22972292
7.245515E-03	4.23114032
7.245916E-03	4.23259371
7.246294E-03	4.23400359
7.246650E-03	4.23536771
7.247006E-03	4.23677238
7.247362E-03	4.23822272
7.247718E-03	4.23972472
7.248074E-03	4.24128542
7.248430E-03	4.24291316
7.248786E-03	4.24461784
7.249098E-03	4.24618188
7.249365E-03	4.24758382
7.249632E-03	4.24904979
7.249899E-03	4.25058812
7.250166E-03	4.25220865
7.250433E-03	4.25392322
7.250700E-03	4.25574625
7.250967E-03	4.25769582
7.251100E-03	4.258742
7.251211E-03	4.26072122
7.251434E-03	4.26480854
7.251656E-03	4.26904276
7.251823E-03	4.27233369
7.251990E-03	4.27574258
7.252157E-03	4.279293
7.252324E-03	4.28301497
7.252491E-03	4.28694931
7.252602E-03	4.28971591
7.252713E-03	4.29262056
7.252824E-03	4.29568782
7.252925E-03	4.29861173
7.253014E-03	4.30136263
7.253103E-03	4.30427867
7.253192E-03	4.30996398
7.253281E-03	4.31586866
7.253370E-03	4.32202653
7.253459E-03	4.32847676
7.253548E-03	4.33526462
7.253637E-03	4.3424423
7.253703E-03	4.34811714
7.253770E-03	4.35407335
7.253837E-03	4.36348031
7.253904E-03	4.37323506
7.253970E-03	4.38337603
7.254037E-03	4.39394556
7.254104E-03	4.40499017
7.254171E-03	4.41656086
7.254215E-03	4.42466261
7.254237E-03	4.43021098
7.254304E-03	4.44749905
7.254371E-03	4.46549664
7.254438E-03	4.48427617
7.254504E-03	4.50391628
7.254549E-03	4.51764021
7.254571E-03	4.52634996
7.254638E-03	4.55351713
7.254705E-03	4.58182158
7.254771E-03	4.61137024
7.254805E-03	4.62682639
7.254838E-03	4.64545778
7.254905E-03	4.68420813
7.254972E-03	4.72457179
7.255022E-03	4.75616423
7.255038E-03	4.76863373
7.255105E-03	4.82043615
7.255172E-03	4.87429816
7.255239E-03	4.93038634
7.255305E-03	4.99889943
7.255372E-03	5.0699985
7.255428E-03	5.13136774
7.255455E-03	5.16306971
7.255483E-03	5.19905239
7.255539E-03	5.27319696
7.255595E-03	5.34961794
7.255600E-03	5.3575131
7.255650E-03	5.43575974
7.255706E-03	5.52524493
7.255745E-03	5.58977173
7.255761E-03	5.62061599
7.255817E-03	5.72622376
7.255873E-03	5.83480809
7.255928E-03	5.94647065
7.255984E-03	6.07441988
7.256040E-03	6.20572912
7.256095E-03	6.34058911
7.256179E-03	6.57095856
7.256262E-03	6.81003605
7.256329E-03	7.02679531
7.256396E-03	7.24968004
7.256429E-03	7.36431475
7.256462E-03	7.48925689
7.256551E-03	7.83273254
7.256596E-03	8.01054013
7.256640E-03	8.20318885
7.256707E-03	8.50038316
7.256763E-03	8.75510278
7.256796E-03	8.91963599
7.256885E-03	9.37159585
7.256930E-03	9.60425737
7.256974E-03	9.85306139
7.257052E-03	10.2995663
7.257096E-03	10.5620919
7.257169E-03	11.0150446
7.257263E-03	11.6260715
7.257286E-03	11.7777552
7.257402E-03	12.5966873
7.257430E-03	12.796779
7.257519E-03	13.4668359
7.257597E-03	14.067464
7.257653E-03	14.5155722
7.257820E-03	15.892502
7.258042E-03	17.8406786
7.258580E-03	22.7193758
7.258598E-03	22.8751051
7.258816E-03	24.7345418
7.258861E-03	25.1000901
7.259003E-03	26.1984261
7.259061E-03	26.6242839
7.259150E-03	27.2333854
7.259217E-03	27.6667252
7.259279E-03	28.0343989
7.259395E-03	28.6714577
7.259422E-03	28.8009904
7.259542E-03	29.3249965
7.259582E-03	29.4736212
7.259689E-03	29.8166686
7.259706E-03	29.8609703
7.259849E-03	30.1450484
7.260000E-03	30.2463216
7.260001E-03	30.2464909
7.260138E-03	30.1519638
7.260174E-03	30.1088492
7.260271E-03	29.9078361
7.260347E-03	29.7180235
7.260383E-03	29.6017554
7.260498E-03	29.1681173
7.260543E-03	28.9697003
7.260676E-03	28.3094556
7.260837E-03	27.3369287
7.260854E-03	27.2218257
7.260979E-03	26.3419227
7.261041E-03	25.8814319
7.261139E-03	25.104824
7.261286E-03	23.894417
7.261353E-03	23.3117964
7.262003E-03	17.4668229
7.262025E-03	17.2695739
7.262169E-03	16.0171957
7.262247E-03	15.3559735
7.262325E-03	14.7166643
7.262411E-03	14.0248845
7.262459E-03	13.6591932
7.262570E-03	12.8203472
7.262592E-03	12.6596106
7.262692E-03	11.9546769
7.262728E-03	11.706187
7.262798E-03	11.2517454
7.262887E-03	10.6867286
7.262915E-03	10.5197774
7.262993E-03	10.0651618
7.263045E-03	9.76367767
7.263071E-03	9.629578
7.263148E-03	9.22245121
7.263204E-03	8.93895388
7.263226E-03	8.83321975
7.263304E-03	8.47312764
7.263371E-03	8.17288565
7.263382E-03	8.12661732
7.263457E-03	7.82317201
7.263532E-03	7.52837329
7.263538E-03	7.50716134
7.263607E-03	7.26374039
7.263682E-03	7.00891061
7.263705E-03	6.93568242
7.263757E-03	6.77700661
7.263833E-03	6.55884944
7.263872E-03	6.44940147
7.263908E-03	6.35712423
7.263983E-03	6.17217084
7.264038E-03	6.0398299
7.264058E-03	5.99905366
7.264133E-03	5.84775781
7.264183E-03	5.75003536
7.264244E-03	5.63382669
7.264294E-03	5.54153039
7.264305E-03	5.5238818
7.264367E-03	5.43006506
7.264428E-03	5.33929686
7.264489E-03	5.25137517
7.264495E-03	5.24363102
7.264550E-03	5.17639359
7.264611E-03	5.10496825
7.264673E-03	5.03592984
7.264695E-03	5.01163102
7.264734E-03	4.97492521
7.264795E-03	4.91932703
7.264856E-03	4.86567168
7.264895E-03	4.83268739
7.264917E-03	4.81685261
7.264978E-03	4.77499039
7.265040E-03	4.73469424
7.265101E-03	4.69585109
7.265162E-03	4.6583601
7.265220E-03	4.63108148
7.265279E-03	4.60485488
7.265337E-03	4.57960668
7.265396E-03	4.555255
7.265454E-03	4.53173553
7.265496E-03	4.51548875
7.265512E-03	4.51053033
7.265571E-03	4.49388488
7.265629E-03	4.4778935
7.265688E-03	4.46249832
7.265746E-03	4.44765339
7.265804E-03	4.43331582
7.265830E-03	4.42736916
7.265863E-03	4.42155756
7.265921E-03	4.41181218
7.265980E-03	4.40245644
7.266058E-03	4.39052657
7.266135E-03	4.37915763
7.266213E-03	4.36828259
7.266275E-03	4.36008368
7.266291E-03	4.35858743
7.266369E-03	4.35199263
7.266458E-03	4.34487226
7.266533E-03	4.33916791
7.266608E-03	4.33370748
7.266708E-03	4.32675795
7.266809E-03	4.32013615
7.266909E-03	4.31379206
7.266942E-03	4.31175682
7.267009E-03	4.30949205
7.267109E-03	4.3062971
7.267209E-03	4.3032755
7.267359E-03	4.29901442
7.267509E-03	4.29502087
7.267660E-03	4.29124308
7.267810E-03	4.28764143
7.267960E-03	4.28418468
7.268132E-03	4.28036426
7.268316E-03	4.27644245
7.268500E-03	4.27264555
7.268722E-03	4.26819038
7.268744E-03	4.26797102
7.268989E-03	4.26571268
7.269234E-03	4.26358408
7.269479E-03	4.26156625
7.269723E-03	4.25964426
7.269968E-03	4.25780607
7.270280E-03	4.25557221
7.270591E-03	4.25344118
7.270903E-03	4.25139919
7.271214E-03	4.24943483
7.271526E-03	4.24753853
7.271837E-03	4.24570222
7.272149E-03	4.24391902
7.272460E-03	4.24218306
7.272831E-03	4.24016757
7.273203E-03	4.23820476
7.273412E-03	4.23712684
7.273574E-03	4.23684261
7.273946E-03	4.23623404
7.274317E-03	4.23566197
7.274689E-03	4.23512244
7.275060E-03	4.23461205
7.275432E-03	4.23412782
7.275883E-03	4.23357084
7.276335E-03	4.23304467
7.276786E-03	4.23254584
7.277238E-03	4.23207137
7.277689E-03	4.23161868
7.278140E-03	4.23118554
7.278818E-03	4.23056828
7.279333E-03	4.23012106
7.279914E-03	4.2296389
7.280494E-03	4.22917647
7.281075E-03	4.22873153
7.281655E-03	4.22830219
7.282236E-03	4.22788676
7.282816E-03	4.22748383
7.283687E-03	4.22690014
7.284396E-03	4.22644071
7.285105E-03	4.22599404
7.285815E-03	4.22555871
7.286524E-03	4.22513352
7.287233E-03	4.2247174
7.287943E-03	4.22430944
7.289007E-03	4.22371097
7.289813E-03	4.22326707
7.290716E-03	4.22277843
7.291619E-03	4.22229779
7.292522E-03	4.2218243
7.293425E-03	4.22135719
7.294327E-03	4.22089582
7.295230E-03	4.22043958
7.296585E-03	4.21976377
7.297745E-03	4.21919166
7.298648E-03	4.2187512
7.298906E-03	4.21873712
7.300067E-03	4.2186789
7.301228E-03	4.21862522
7.302389E-03	4.21857559
7.303550E-03	4.21852959
7.304710E-03	4.21848684
7.305871E-03	4.21844701
7.307161E-03	4.21840584
7.308451E-03	4.21836758
7.309741E-03	4.21833193
7.311675E-03	4.21828278
7.313610E-03	4.21823818
7.315545E-03	4.21819751
7.317028E-03	4.21816869
7.318705E-03	4.21813827
7.320381E-03	4.21810983
7.322058E-03	4.21808319
7.323735E-03	4.21805817
7.326250E-03	4.21802336
7.328765E-03	4.21799137
7.331151E-03	4.21796329
7.333473E-03	4.2179378
7.335795E-03	4.2179139
7.338116E-03	4.21789141
7.340438E-03	4.21787017
7.342760E-03	4.21785002
7.345081E-03	4.21783087
7.348177E-03	4.21780669
7.351272E-03	4.21778387
7.354368E-03	4.21776224
7.357463E-03	4.21774164
7.360559E-03	4.21772196
7.363654E-03	4.21770308
7.366750E-03	4.21768492
7.370361E-03	4.21766452
7.373973E-03	4.21764491
7.377584E-03	4.21762594
7.381196E-03	4.21760754
7.385839E-03	4.21758463
7.390482E-03	4.21756247
7.395126E-03	4.21754094
7.399769E-03	4.21751997
7.404412E-03	4.21749949
7.409520E-03	4.21747744
7.414860E-03	4.21745487
7.420200E-03	4.21743274
7.425206E-03	4.21741232
7.430213E-03	4.21739219
7.435357E-03	4.21737177
7.440779E-03	4.21735052
7.446201E-03	4.21732949
7.451761E-03	4.21730815
7.459267E-03	4.21727965
7.466772E-03	4.21725146
7.474278E-03	4.21722353
7.481784E-03	4.21719583
7.489290E-03	4.21716833
7.496796E-03	4.21714101
7.504302E-03	4.21711384
7.518063E-03	4.21706438
7.528070E-03	4.21702864
7.538078E-03	4.21699307
7.548086E-03	4.21695764
7.558094E-03	4.21692234
7.568102E-03	4.21688715
7.578109E-03	4.21685206
7.588117E-03	4.21681705
7.598125E-03	4.21678212
7.608133E-03	4.21674725
7.628148E-03	4.21667769
7.643160E-03	4.21662565
7.658172E-03	4.21657369
7.673184E-03	4.21652182
7.688195E-03	4.21647002
7.703207E-03	4.21641827
7.718219E-03	4.21636658
7.735732E-03	4.21630632
7.758250E-03	4.21622893
7.778266E-03	4.2161602
7.798281E-03	4.21609152
7.818297E-03	4.21602288
7.838313E-03	4.21595428
7.858328E-03	4.21588571
7.878344E-03	4.21581718
7.898359E-03	4.21574866
7.938391E-03	4.2156117
7.958406E-03	4.21554324
7.988430E-03	4.21544059
8.018453E-03	4.21533797
8.048477E-03	4.21523537
8.078500E-03	4.2151328
8.108523E-03	4.21503024
8.158563E-03	4.21485935
8.198594E-03	4.21472267
8.238625E-03	4.21458601
8.278656E-03	4.21444936
8.318688E-03	4.21431273
8.358719E-03	4.21417612
8.398750E-03	4.21403951
8.478813E-03	4.21376633
8.558875E-03	4.21349319
8.618922E-03	4.21328834
8.678969E-03	4.21308351
8.739016E-03	4.21287869
8.799063E-03	4.21267388
8.859109E-03	4.21246907
8.959188E-03	4.21212775
9.039250E-03	4.2118547
9.119313E-03	4.21158166
9.199375E-03	4.21130862
9.279438E-03	4.21103559
9.359500E-03	4.21076257
9.519625E-03	4.21021654
9.679750E-03	4.20967052
9.799844E-03	4.20926102
9.959969E-03	4.20871502
1.000000E-02	4.20857852
1.000000E-02	8.05144996
1.092480E-02	7.90299139
1.221007E-02	7.69722732
1.349534E-02	7.54674017
1.500000E-02	7.37108249
1.670852E-02	7.22936757
1.799379E-02	7.12301473
1.875000E-02	7.06056999
1.982305E-02	6.99895958
2.184960E-02	6.88296487
2.375000E-02	6.77447297
2.442014E-02	6.7481749
2.699068E-02	6.64764121
3.000000E-02	6.53028567
3.084650E-02	6.50798113
3.435995E-02	6.41567643
3.855812E-02	6.30564998
4.250000E-02	6.23686631
5.000000E-02	6.10633018
5.978833E-02	5.99834153
6.706401E-02	5.91846414
7.609423E-02	5.85342254
8.696484E-02	5.77515903
9.000000E-02	5.75333251
1.000000E-01	5.69981773
1.000000E-01	5.67794642
1.200000E-01	5.75400029
1.500000E-01	5.87059161
1.521162E-01	5.87864206
2.000000E-01	5.9434925
3.000000E-01	6.08085271
3.216434E-01	6.11085251
4.000000E-01	6.23314558
5.000000E-01	6.38973015
5.360724E-01	6.44634997
6.000000E-01	6.52179249
7.000000E-01	6.64012595
7.299060E-01	6.67559121
8.112866E-01	6.73873963
8.533800E-01	6.77145307
9.000000E-01	6.79563285
1.000000E+00	6.82770191
1.100000E+00	6.83355238
1.250000E+00	6.79566591
1.285271E+00	6.7800035
1.500000E+00	6.64060658
1.626000E+00	6.54488754
1.744200E+00	6.43140316
1.934100E+00	6.22361081
1.980300E+00	6.18390099
2.152700E+00	6.00792185
2.289100E+00	5.85499752
2.319500E+00	5.8229843
2.370700E+00	5.77597857
2.405774E+00	5.74000657
2.426600E+00	5.72225108
2.566700E+00	5.59055227
2.608000E+00	5.5545734
2.637861E+00	5.5266425
2.673900E+00	5.49698028
2.793800E+00	5.39696929
2.889000E+00	5.32447622
3.107000E+00	5.17850582
3.225800E+00	5.10936671
3.280200E+00	5.08001877
3.339500E+00	5.04873663
3.377800E+00	5.03068426
3.385800E+00	5.02607925
3.500000E+00	4.97050363
4.000000E+00	4.77970561
4.500000E+00	4.64420894
5.000000E+00	4.55120111
5.500000E+00	4.49579868
6.000000E+00	4.47420234
6.500000E+00	4.48210021
7.000000E+00	4.51505092
7.098758E+00	4.52277357
7.355800E+00	4.5472989
7.500000E+00	4.5637737
8.000000E+00	4.62091184
8.500000E+00	4.68072586
8.601200E+00	4.69375963
8.750000E+00	4.71171469
9.000000E+00	4.73989042
9.250000E+00	4.76446443
9.358100E+00	4.7761639
9.597100E+00	4.79802672
9.750000E+00	4.81142986
9.887555E+00	4.82363326
1.000000E+01	4.83215425
1.025000E+01	4.84838109
1.050000E+01	4.86525021
1.075000E+01	4.87468374
1.100000E+01	4.8835948
1.115519E+01	4.88894168
1.150000E+01	4.8941109
1.166224E+01	4.89662171
1.200000E+01	4.89562066
1.250000E+01	4.88888461
1.300000E+01	4.87272868
1.318341E+01	4.86715762
1.350000E+01	4.85253569
1.394046E+01	4.83290244
1.400000E+01	4.83024799
1.450000E+01	4.80897736
1.460000E+01	4.80441266
1.500000E+01	4.77940668
1.508800E+01	4.77492616
1.550000E+01	4.75422487
1.600000E+01	4.72779808
1.645146E+01	4.70438503
1.650000E+01	4.70161985
1.700000E+01	4.67381554
1.750000E+01	4.64364315
1.800000E+01	4.61364939
1.850000E+01	4.58113244
1.900000E+01	4.54745187
1.950000E+01	4.5102672
2.000000E+01	4.47089937
