E(MeV)	Xe-124
1.000000E-11	7492.60559
1.029990E-11	7382.72052
1.060870E-11	7274.4808
1.092690E-11	7167.77847
1.125440E-11	7062.70618
1.159200E-11	6959.11488
1.193950E-11	6857.09686
1.229760E-11	6756.52133
1.266620E-11	6657.47337
1.304620E-11	6559.81314
1.343720E-11	6463.66144
1.384030E-11	6368.84811
1.425520E-11	6275.49189
1.468270E-11	6183.44996
1.512290E-11	6092.80044
1.557650E-11	6003.42449
1.604340E-11	5915.42764
1.652460E-11	5828.65976
1.701990E-11	5743.21864
1.753040E-11	5658.98407
1.805590E-11	5576.02311
1.859750E-11	5494.23606
1.915500E-11	5413.6951
1.972950E-11	5334.29201
2.032090E-11	5256.09291
2.093050E-11	5178.99229
2.155790E-11	5103.07898
2.220450E-11	5028.22638
2.287010E-11	4954.5197
2.355610E-11	4881.844
2.426220E-11	4810.28542
2.498990E-11	4739.73019
2.573900E-11	4670.25022
2.651100E-11	4601.75114
2.730570E-11	4534.29186
2.812470E-11	4467.788
2.896780E-11	4402.29165
2.983670E-11	4337.7194
3.073110E-11	4274.13437
3.165280E-11	4211.44511
3.260170E-11	4149.70815
3.273980E-11	4141.11187
3.357950E-11	4088.84349
3.386420E-11	4071.89066
3.458610E-11	4028.90437
3.502710E-11	4003.78319
3.562350E-11	3969.80994
3.623000E-11	3936.75717
3.669130E-11	3911.61756
3.747420E-11	3870.80463
3.779190E-11	3854.24287
3.876110E-11	3805.90472
3.892470E-11	3797.74533
4.009230E-11	3742.03987
4.129410E-11	3687.18831
4.146910E-11	3679.54688
4.253270E-11	3633.10466
4.289320E-11	3618.04593
4.380760E-11	3579.84998
4.436620E-11	3557.52834
4.512160E-11	3527.34271
4.588980E-11	3497.97653
4.647420E-11	3475.63663
4.746580E-11	3439.37195
4.786810E-11	3424.65915
4.909580E-11	3381.70641
4.930300E-11	3374.45728
5.078180E-11	3324.96423
5.230410E-11	3276.22362
5.252580E-11	3269.43281
5.387290E-11	3228.17049
5.432960E-11	3214.788
5.548780E-11	3180.84993
5.619540E-11	3161.01445
5.715210E-11	3134.19632
5.812520E-11	3108.10034
5.886530E-11	3088.2529
6.012130E-11	3056.03141
6.063100E-11	3042.9556
6.218600E-11	3004.79168
6.244840E-11	2998.3517
6.432150E-11	2954.37505
6.624960E-11	2911.06788
6.653040E-11	2905.03445
6.823680E-11	2868.36993
6.881520E-11	2856.48046
7.028220E-11	2826.32526
7.117840E-11	2808.7022
7.239030E-11	2784.87124
7.362280E-11	2761.68576
7.456030E-11	2744.04983
7.615110E-11	2715.42069
7.679670E-11	2703.80208
7.876630E-11	2669.89249
7.909870E-11	2664.16975
8.147120E-11	2625.09509
8.391340E-11	2586.61534
8.426910E-11	2581.25392
8.643040E-11	2548.67709
8.716300E-11	2538.11329
8.902120E-11	2511.31889
9.015630E-11	2495.66074
9.169130E-11	2474.48626
9.325250E-11	2453.88401
9.443990E-11	2438.21465
9.645490E-11	2412.77624
9.727250E-11	2402.45448
9.976730E-11	2372.32032
1.001880E-10	2367.2388
1.031930E-10	2332.52466
1.062870E-10	2298.3294
1.067370E-10	2293.57099
1.094750E-10	2264.61886
1.104030E-10	2255.23063
1.127560E-10	2231.42631
1.141940E-10	2217.51301
1.161390E-10	2198.69435
1.181160E-10	2180.39342
1.196200E-10	2166.47108
1.221720E-10	2143.86998
1.232080E-10	2134.69496
1.263680E-10	2107.92271
1.269010E-10	2103.40702
1.307070E-10	2072.56096
1.346260E-10	2042.17912
1.351960E-10	2037.95074
1.386640E-10	2012.22446
1.398390E-10	2003.88675
1.428200E-10	1982.7339
1.446410E-10	1970.37294
1.471040E-10	1953.65415
1.496080E-10	1937.39165
1.515130E-10	1925.01947
1.553990E-10	1900.88081
1.560580E-10	1896.78732
1.607360E-10	1868.98543
1.614170E-10	1865.11368
1.655570E-10	1841.57631
1.676650E-10	1830.11101
1.705200E-10	1814.5829
1.741580E-10	1795.65372
1.756350E-10	1787.96866
1.808990E-10	1761.76433
1.863250E-10	1735.92888
1.879050E-10	1728.73169
1.919110E-10	1710.48371
1.951780E-10	1696.24573
1.976670E-10	1685.39842
2.027370E-10	1664.26079
2.035920E-10	1660.69617
2.096990E-10	1636.34091
2.105840E-10	1632.96441
2.159850E-10	1612.35832
2.187390E-10	1602.30603
2.224630E-10	1588.71323
2.272060E-10	1572.15267
2.291320E-10	1565.42792
2.360040E-10	1542.47203
2.430790E-10	1519.86402
2.451390E-10	1513.56644
2.503700E-10	1497.57494
2.546330E-10	1485.10792
2.578750E-10	1475.62683
2.644890E-10	1457.12275
2.656100E-10	1453.98652
2.735720E-10	1432.67774
2.747310E-10	1429.71013
2.817770E-10	1411.66899
2.865750E-10	1399.91695
2.902240E-10	1390.97928
2.989290E-10	1370.58141
3.078900E-10	1350.49501
3.118160E-10	1342.07563
3.171250E-10	1330.69044
3.252580E-10	1314.00619
3.266310E-10	1311.18959
3.364280E-10	1291.96222
3.392800E-10	1286.60789
3.465130E-10	1273.02875
3.539060E-10	1259.74999
3.569060E-10	1254.36164
3.676050E-10	1235.97912
3.691630E-10	1233.41815
3.786310E-10	1217.85514
3.850770E-10	1207.71943
3.899810E-10	1200.0084
4.016780E-10	1182.41233
4.137190E-10	1165.08515
4.207630E-10	1155.38753
4.261280E-10	1148.00146
4.389010E-10	1131.1789
4.407620E-10	1128.83431
4.520660E-10	1114.59298
4.617030E-10	1102.97757
4.656170E-10	1098.26007
4.795830E-10	1082.15722
4.836490E-10	1077.67224
4.939590E-10	1066.29989
5.066280E-10	1052.9315
5.087750E-10	1050.66599
5.240260E-10	1035.27046
5.307080E-10	1028.81772
5.397440E-10	1020.09179
5.559230E-10	1005.14471
5.582800E-10	1003.06169
5.725980E-10	990.408074
5.872840E-10	977.99141
5.897620E-10	975.89633
6.074520E-10	961.588714
6.177940E-10	953.586741
6.256610E-10	947.499792
6.444270E-10	933.609108
6.498900E-10	929.740619
6.637440E-10	919.930298
6.836530E-10	906.444165
6.865390E-10	904.573898
7.041460E-10	893.16377
7.252670E-10	880.070224
7.470070E-10	867.176855
7.661660E-10	856.307203
7.694130E-10	854.465061
7.924770E-10	841.946857
8.093860E-10	833.167528
8.162470E-10	829.605243
8.407150E-10	817.451759
8.586530E-10	808.92818
8.659320E-10	805.469443
8.918890E-10	793.670166
9.109190E-10	785.394805
9.186410E-10	782.036842
9.461780E-10	770.581325
9.704450E-10	760.923819
9.745580E-10	759.286981
1.003771E-09	748.165068
1.033879E-09	737.199707
1.064871E-09	726.401836
1.096811E-09	715.755845
1.101440E-09	714.279871
1.129689E-09	705.27262
1.163573E-09	694.936904
1.178389E-09	690.613482
1.198452E-09	684.758974
1.234399E-09	674.724438
1.260715E-09	667.696888
1.271402E-09	664.842994
1.309537E-09	655.100658
1.348791E-09	645.50729
1.354508E-09	644.1707
1.389247E-09	636.049036
1.430892E-09	626.734997
1.455254E-09	621.522512
1.473810E-09	617.552296
1.517989E-09	608.509706
1.563521E-09	599.594423
1.570120E-09	598.358349
1.610389E-09	590.815505
1.658691E-09	582.160187
1.701232E-09	574.867749
1.708412E-09	573.636949
1.759655E-09	565.233852
1.812403E-09	556.959061
1.843260E-09	552.328243
1.866765E-09	548.800781
1.922723E-09	540.767266
1.980394E-09	532.846792
2.005611E-09	529.533718
2.039758E-09	525.047418
2.100939E-09	517.357921
2.163917E-09	509.785808
2.191510E-09	506.612079
2.228823E-09	502.320382
2.295634E-09	494.969117
2.364490E-09	487.721376
2.404747E-09	483.667731
2.435368E-09	480.584389
2.508415E-09	473.548021
2.583608E-09	466.619089
2.649870E-09	460.777927
2.661102E-09	459.787803
2.740871E-09	453.061012
2.823082E-09	446.428959
2.907706E-09	439.898316
2.932355E-09	438.078619
2.994921E-09	433.459743
3.084697E-09	427.119538
3.177221E-09	420.868724
3.272461E-09	414.713481
3.370617E-09	408.645027
3.471655E-09	402.669363
3.575785E-09	396.777937
3.667494E-09	391.814382
3.682973E-09	390.976618
3.793441E-09	385.257137
3.907154E-09	379.625092
4.024346E-09	374.072514
4.144980E-09	368.60483
4.269306E-09	363.214336
4.397283E-09	357.906268
4.529177E-09	352.67312
4.664944E-09	347.520019
4.704489E-09	346.084199
4.804866E-09	342.439678
4.948897E-09	337.437077
5.097336E-09	332.505102
5.250134E-09	327.648606
5.407609E-09	322.86068
5.569708E-09	318.146093
5.736768E-09	313.49808
5.908733E-09	308.92126
6.085962E-09	304.409096
6.268395E-09	299.966038
6.456412E-09	295.585787
6.649949E-09	291.272658
6.849411E-09	287.020483
7.054729E-09	282.833483
7.266331E-09	278.705678
7.358856E-09	276.979121
7.484147E-09	274.641148
7.708630E-09	270.634105
7.939704E-09	266.688505
8.177850E-09	262.79872
8.422990E-09	258.968565
8.675632E-09	255.192621
8.749176E-09	254.14118
8.935694E-09	251.474588
9.203714E-09	247.809198
9.479605E-09	244.200041
9.763940E-09	240.641989
1.005663E-08	237.138544
1.035827E-08	233.684722
1.057909E-08	231.266154
1.066877E-08	230.283938
1.098877E-08	226.931345
1.131817E-08	223.630238
1.165765E-08	220.375911
1.200710E-08	217.171571
1.236725E-08	214.012636
1.273797E-08	210.902221
1.300975E-08	208.720979
1.312004E-08	207.835891
1.351332E-08	204.81693
1.391865E-08	201.840486
1.433587E-08	198.909775
1.476587E-08	196.020625
1.520849E-08	193.175898
1.566466E-08	190.37155
1.613423E-08	187.610366
1.640892E-08	186.065299
1.661816E-08	184.888428
1.711631E-08	182.20845
1.762970E-08	179.566614
1.815817E-08	176.965549
1.870281E-08	174.401558
1.926345E-08	171.87719
1.984125E-08	169.388851
2.043601E-08	166.939005
2.104897E-08	164.524158
2.122741E-08	163.851821
2.167994E-08	162.146684
2.233022E-08	159.803185
2.299959E-08	157.495945
2.368945E-08	155.221655
2.439956E-08	152.982538
2.526874E-08	150.371989
2.530000E-08	150.28063
2.605886E-08	148.113684
2.684000E-08	145.980274
2.764505E-08	143.877375
2.847374E-08	141.807085
2.932779E-08	139.766483
3.020692E-08	137.757609
3.111296E-08	135.77763
3.204560E-08	133.828522
3.300679E-08	131.907533
3.399621E-08	130.016568
3.457502E-08	128.958705
3.501590E-08	128.152937
3.606554E-08	126.318464
3.714730E-08	124.510497
3.826083E-08	122.730771
3.940844E-08	120.976701
4.058975E-08	119.249975
4.180722E-08	117.548107
4.306043E-08	115.872776
4.435200E-08	114.221612
4.568150E-08	112.596276
4.705169E-08	110.994486
4.846211E-08	109.417852
4.991571E-08	107.864161
5.141198E-08	106.33495
5.295405E-08	104.828047
5.454141E-08	103.344945
5.617734E-08	101.883531
5.786132E-08	100.445252
5.959683E-08	99.0280606
6.138331E-08	97.6333634
6.322446E-08	96.2591849
6.511968E-08	94.9069043
6.707291E-08	93.5746283
6.792697E-08	93.0177695
6.908349E-08	92.2637155
7.115561E-08	90.9723225
7.328857E-08	89.7017113
7.548682E-08	88.4500122
7.774961E-08	87.2183663
8.008167E-08	86.0049256
8.248220E-08	84.8108399
8.495620E-08	83.6344204
8.750285E-08	82.4768809
9.012745E-08	81.336633
9.127507E-08	80.8601134
9.282911E-08	80.21485
9.561346E-08	79.1099518
9.847958E-08	78.0230276
1.014334E-07	76.9525306
1.044740E-07	75.8995365
1.076076E-07	74.8625933
1.108333E-07	73.8428024
1.141576E-07	72.838796
1.165913E-07	72.1367339
1.175796E-07	71.8516189
1.211064E-07	70.8798311
1.247367E-07	69.9242423
1.284781E-07	68.9833209
1.323293E-07	68.0579084
1.362985E-07	67.1467199
1.403842E-07	66.2507528
1.421743E-07	65.8758174
1.445949E-07	65.3688236
1.489293E-07	64.5018492
1.533963E-07	63.6486102
1.579945E-07	62.8099611
1.627335E-07	61.984717
1.669071E-07	61.2931272
1.683220E-07	61.0586826
1.741025E-07	60.1503561
1.800814E-07	59.2594822
1.862657E-07	58.3858255
1.910429E-07	57.7460432
1.926624E-07	57.5291616
1.992787E-07	56.6892782
2.061222E-07	55.8659439
2.132008E-07	55.0589563
2.141006E-07	54.9617669
2.205225E-07	54.2681812
2.280956E-07	53.4935548
2.359287E-07	52.7350177
2.369245E-07	52.6437186
2.440309E-07	51.9921721
2.524113E-07	51.2643743
2.588849E-07	50.7319046
2.610795E-07	50.5514036
2.700454E-07	49.8533432
2.793192E-07	49.1701508
2.889115E-07	48.5017299
2.988331E-07	47.8479103
3.090956E-07	47.2085833
3.183610E-07	46.6630394
3.197104E-07	46.5835932
3.306898E-07	45.9728408
3.377395E-07	45.6024522
3.420462E-07	45.3761958
3.537926E-07	44.7935599
3.552858E-07	44.7236605
3.659424E-07	44.2248429
3.721729E-07	43.9497289
3.785094E-07	43.6699477
3.882171E-07	43.2657972
3.915080E-07	43.1287988
4.049531E-07	42.6013264
4.188598E-07	42.0874805
4.206276E-07	42.0259922
4.332441E-07	41.587205
4.350727E-07	41.5273803
4.481224E-07	41.1004661
4.500138E-07	41.0423016
4.635116E-07	40.6272361
4.774059E-07	40.225946
4.794294E-07	40.1675094
4.917254E-07	39.8342467
4.958937E-07	39.7212809
5.043368E-07	39.5067393
5.129235E-07	39.2885655
5.172716E-07	39.1850865
5.282990E-07	38.9226721
5.305381E-07	38.8693915
5.395710E-07	38.6683011
5.487577E-07	38.4638073
5.510738E-07	38.4156323
5.628318E-07	38.1710916
5.676029E-07	38.0718729
5.724145E-07	37.978506
5.821603E-07	37.78941
5.870953E-07	37.6936681
5.920721E-07	37.6037138
6.021526E-07	37.4215319
6.072571E-07	37.3292919
6.124048E-07	37.2427796
6.202028E-07	37.111742
6.281113E-07	36.9788611
6.361092E-07	36.8541397
6.442205E-07	36.7276656
6.496816E-07	36.6425248
6.524236E-07	36.6029314
6.607430E-07	36.4828212
6.691565E-07	36.3613674
6.719927E-07	36.3204303
6.776892E-07	36.244462
6.863185E-07	36.129399
6.950700E-07	36.0127233
7.009621E-07	35.9403775
7.069042E-07	35.8674268
7.128966E-07	35.7938663
7.189398E-07	35.7196909
7.250343E-07	35.6510446
7.311804E-07	35.5818256
7.373786E-07	35.5120292
7.436294E-07	35.4416508
7.499331E-07	35.3767612
7.562903E-07	35.3113317
7.627014E-07	35.2453578
7.691668E-07	35.1788353
7.740501E-07	35.1331059
7.789609E-07	35.0871249
7.839133E-07	35.0407605
7.888937E-07	34.9941406
7.939023E-07	34.947264
7.955812E-07	34.9315527
7.989390E-07	34.9031034
8.040185E-07	34.8600744
8.091267E-07	34.8168092
8.142636E-07	34.7733069
8.194296E-07	34.7295666
8.229027E-07	34.7001642
8.246393E-07	34.6869395
8.298785E-07	34.6470488
8.333811E-07	34.6203845
8.369134E-07	34.5934976
8.404456E-07	34.5666141
8.440079E-07	34.5395063
8.475701E-07	34.512402
8.511625E-07	34.4850716
8.547550E-07	34.4606826
8.583778E-07	34.4360905
8.620007E-07	34.4115022
8.656543E-07	34.3867092
8.693079E-07	34.3619201
8.729925E-07	34.3369247
8.766770E-07	34.3119332
8.803928E-07	34.2867339
8.841086E-07	34.264468
8.869191E-07	34.2476297
8.897295E-07	34.2307936
8.925480E-07	34.2139124
8.953823E-07	34.1969384
8.982165E-07	34.1799668
9.010669E-07	34.1629017
9.039252E-07	34.1457911
9.067835E-07	34.1286829
9.096661E-07	34.1114323
9.106269E-07	34.1056829
9.125486E-07	34.0956452
9.154393E-07	34.0805486
9.183463E-07	34.0653695
9.212533E-07	34.050193
9.241767E-07	34.0349333
9.271083E-07	34.0196334
9.300399E-07	34.0043362
9.320109E-07	33.9940531
9.339819E-07	33.9837712
9.359529E-07	33.9734905
9.379239E-07	33.963211
9.399116E-07	33.9528456
9.418993E-07	33.9424814
9.438870E-07	33.9336334
9.458747E-07	33.9247867
9.478792E-07	33.9158662
9.498838E-07	33.906947
9.518883E-07	33.898029
9.538929E-07	33.8891124
9.559144E-07	33.8801214
9.579359E-07	33.8711318
9.599575E-07	33.8621434
9.619790E-07	33.8531564
9.640177E-07	33.8440945
9.660564E-07	33.835034
9.675854E-07	33.8282395
9.691144E-07	33.8214457
9.706477E-07	33.8146335
9.721897E-07	33.8077837
9.737316E-07	33.8009346
9.752736E-07	33.7940864
9.767344E-07	33.7875994
9.768156E-07	33.7873002
9.783575E-07	33.7816185
9.799126E-07	33.7758895
9.814676E-07	33.7701612
9.830226E-07	33.7644337
9.845777E-07	33.758707
9.861327E-07	33.7529811
9.876965E-07	33.7472237
9.892648E-07	33.7414509
9.908330E-07	33.7356789
9.924012E-07	33.7299078
9.939694E-07	33.7241375
9.955421E-07	33.7183516
9.971236E-07	33.712534
9.981779E-07	33.7086561
9.992323E-07	33.7047786
1.000287E-06	33.7009014
1.001341E-06	33.6970246
1.002395E-06	33.6931482
1.003450E-06	33.6892721
1.004513E-06	33.6853636
1.005576E-06	33.6814554
1.006639E-06	33.6775477
1.007703E-06	33.6736403
1.008766E-06	33.6697333
1.009829E-06	33.6658267
1.010893E-06	33.6619205
1.011956E-06	33.6580146
1.012063E-06	33.657623
1.012940E-06	33.6550379
1.013924E-06	33.6521391
1.014908E-06	33.6492405
1.015892E-06	33.6463423
1.016876E-06	33.6434445
1.017861E-06	33.6405469
1.018845E-06	33.6376497
1.019829E-06	33.6347529
1.020813E-06	33.6318563
1.021797E-06	33.6289601
1.022973E-06	33.6255008
1.024012E-06	33.6224437
1.025051E-06	33.619387
1.026090E-06	33.6163306
1.027129E-06	33.6132746
1.028168E-06	33.610219
1.029207E-06	33.6071638
1.030246E-06	33.6041089
1.031090E-06	33.6016271
1.032064E-06	33.5987638
1.033039E-06	33.5959009
1.034013E-06	33.5930382
1.034987E-06	33.5901759
1.035961E-06	33.587314
1.036935E-06	33.5844523
1.037909E-06	33.581591
1.038883E-06	33.57873
1.039857E-06	33.5758694
1.040832E-06	33.5730091
1.041806E-06	33.5701492
1.042780E-06	33.5672895
1.043754E-06	33.5644302
1.044728E-06	33.5615713
1.045702E-06	33.5587126
1.046660E-06	33.555902
1.047585E-06	33.5531869
1.048511E-06	33.5504722
1.048949E-06	33.5491864
1.049436E-06	33.5480881
1.050362E-06	33.5460017
1.051352E-06	33.5437692
1.052318E-06	33.5415919
1.053219E-06	33.5395613
1.054120E-06	33.537531
1.055021E-06	33.5355009
1.055922E-06	33.5334712
1.056872E-06	33.5313321
1.057846E-06	33.5291384
1.058820E-06	33.5269451
1.059794E-06	33.5247522
1.060769E-06	33.5225596
1.061743E-06	33.5203673
1.062717E-06	33.5181754
1.063691E-06	33.5159838
1.064665E-06	33.5137925
1.065639E-06	33.5116016
1.066613E-06	33.5094111
1.067587E-06	33.5072209
1.068562E-06	33.505031
1.069536E-06	33.5028415
1.070510E-06	33.5006524
1.071484E-06	33.4984636
1.072296E-06	33.4966398
1.073270E-06	33.4944516
1.074244E-06	33.4922638
1.075218E-06	33.4900763
1.076192E-06	33.4878892
1.077166E-06	33.4857024
1.078140E-06	33.483516
1.079115E-06	33.4813299
1.080251E-06	33.47878
1.081225E-06	33.4765946
1.082199E-06	33.4744097
1.083173E-06	33.4722251
1.083758E-06	33.4709145
1.084147E-06	33.4702885
1.085122E-06	33.4687236
1.086096E-06	33.4671591
1.087070E-06	33.465595
1.088044E-06	33.4640312
1.089018E-06	33.4624678
1.089992E-06	33.4609047
1.091291E-06	33.4588212
1.092590E-06	33.4567383
1.093889E-06	33.454656
1.095188E-06	33.4525744
1.096486E-06	33.4504934
1.097785E-06	33.448413
1.099084E-06	33.4463333
1.100383E-06	33.4442542
1.101682E-06	33.4421758
1.102980E-06	33.440098
1.104279E-06	33.4380209
1.105578E-06	33.4359444
1.106877E-06	33.4338685
1.108176E-06	33.4317933
1.109475E-06	33.4297187
1.110773E-06	33.4276448
1.112072E-06	33.4255715
1.113371E-06	33.4234989
1.114670E-06	33.4214269
1.115969E-06	33.4193556
1.117268E-06	33.4172849
1.118566E-06	33.4152149
1.119865E-06	33.4131455
1.120125E-06	33.4127318
1.121164E-06	33.4117611
1.122463E-06	33.4105483
1.123762E-06	33.4093362
1.125061E-06	33.4081248
1.127009E-06	33.4063089
1.128957E-06	33.4044945
1.130905E-06	33.4026816
1.132269E-06	33.4014134
1.133698E-06	33.4000856
1.135126E-06	33.3987587
1.137270E-06	33.3967698
1.139413E-06	33.3947827
1.141556E-06	33.3927974
1.143634E-06	33.3908741
1.145582E-06	33.3890725
1.147530E-06	33.3872725
1.149479E-06	33.3854739
1.151427E-06	33.3836769
1.153375E-06	33.3818815
1.155323E-06	33.3800876
1.157272E-06	33.3782952
1.159220E-06	33.3765043
1.161168E-06	33.3747151
1.161688E-06	33.3742383
1.163116E-06	33.373856
1.166363E-06	33.3729906
1.168961E-06	33.3723013
1.171559E-06	33.3716149
1.174156E-06	33.3709313
1.176754E-06	33.3702504
1.179352E-06	33.3695724
1.181949E-06	33.3688971
1.184547E-06	33.3682248
1.187145E-06	33.3675552
1.189742E-06	33.3668885
1.192340E-06	33.3662246
1.194938E-06	33.3655637
1.197535E-06	33.3649056
1.200133E-06	33.3642503
1.201172E-06	33.3639894
1.202730E-06	33.3645391
1.205328E-06	33.3654582
1.207926E-06	33.3663802
1.210523E-06	33.3673052
1.213121E-06	33.368233
1.215719E-06	33.3691638
1.218316E-06	33.3700976
1.220914E-06	33.3710343
1.224811E-06	33.3724449
1.228707E-06	33.3738623
1.232604E-06	33.3752864
1.236500E-06	33.3767172
1.240397E-06	33.3781549
1.240656E-06	33.3782512
1.244293E-06	33.3815429
1.247990E-06	33.3848957
1.251288E-06	33.3878921
1.254587E-06	33.3908935
1.257885E-06	33.3938998
1.262283E-06	33.3979161
1.266681E-06	33.4019413
1.271079E-06	33.4059754
1.273906E-06	33.4085748
1.275477E-06	33.4109336
1.279875E-06	33.4175482
1.284334E-06	33.4242654
1.288856E-06	33.4310857
1.293378E-06	33.4379157
1.297900E-06	33.4447556
1.302422E-06	33.4516053
1.306944E-06	33.458465
1.311466E-06	33.4653346
1.315988E-06	33.4722143
1.320574E-06	33.4792014
1.323051E-06	33.4829808
1.325223E-06	33.4877804
1.329873E-06	33.498062
1.334523E-06	33.5083544
1.339172E-06	33.5186578
1.343822E-06	33.5289721
1.348471E-06	33.5392975
1.353121E-06	33.549634
1.357836E-06	33.5601277
1.362617E-06	33.5707792
1.367397E-06	33.5814427
1.372178E-06	33.5921183
1.373954E-06	33.596089
1.376959E-06	33.6046993
1.384130E-06	33.6252727
1.391301E-06	33.6458737
1.398607E-06	33.6668909
1.405981E-06	33.6881318
1.413354E-06	33.7094027
1.418325E-06	33.7237648
1.420727E-06	33.7321814
1.428101E-06	33.7580485
1.435544E-06	33.7841901
1.443125E-06	33.8108517
1.450707E-06	33.8375465
1.458288E-06	33.8642749
1.465870E-06	33.8910372
1.469250E-06	33.9029845
1.473451E-06	33.9202904
1.481247E-06	33.9524375
1.489042E-06	33.9846214
1.496838E-06	34.0168424
1.504633E-06	34.049101
1.510707E-06	34.0742661
1.512428E-06	34.0823029
1.520370E-06	34.1194232
1.528386E-06	34.156927
1.536401E-06	34.1944721
1.544417E-06	34.2320591
1.552432E-06	34.2696882
1.553334E-06	34.2739271
1.560523E-06	34.3115783
1.568764E-06	34.354788
1.577006E-06	34.3980438
1.585248E-06	34.441346
1.596236E-06	34.4991555
1.597164E-06	34.5040414
1.607380E-06	34.5635006
1.618679E-06	34.6293497
1.629978E-06	34.6952909
1.641276E-06	34.7613257
1.642230E-06	34.7669065
1.652735E-06	34.8343587
1.664352E-06	34.9090584
1.675970E-06	34.9838614
1.687588E-06	35.0587696
1.688568E-06	35.0651002
1.699369E-06	35.141199
1.711314E-06	35.2254738
1.723260E-06	35.3098649
1.735205E-06	35.394374
1.736213E-06	35.401516
1.747319E-06	35.4869974
1.759602E-06	35.5816631
1.771884E-06	35.6764597
1.784167E-06	35.7713893
1.785203E-06	35.779412
1.796623E-06	35.8751074
1.809252E-06	35.9810856
1.821881E-06	36.0872118
1.834510E-06	36.1934884
1.835575E-06	36.2024701
1.847317E-06	36.3093364
1.860302E-06	36.4276884
1.873288E-06	36.5462086
1.886273E-06	36.6649001
1.887369E-06	36.6749314
1.899442E-06	36.7940418
1.912794E-06	36.9259568
1.926145E-06	37.0580613
1.939497E-06	37.1903582
1.940624E-06	37.2015396
1.953037E-06	37.3340646
1.966766E-06	37.4808402
1.980494E-06	37.6278318
1.994223E-06	37.7750435
1.995382E-06	37.787486
2.008145E-06	37.934846
2.022261E-06	38.0980585
2.036377E-06	38.2615179
2.050493E-06	38.4252291
2.051684E-06	38.4390666
2.064808E-06	38.6028707
2.079322E-06	38.7843041
2.093837E-06	38.9660202
2.108351E-06	39.148025
2.109576E-06	39.1634096
2.123070E-06	39.3455088
2.137993E-06	39.5472163
2.152917E-06	39.7492487
2.167841E-06	39.9516132
2.169100E-06	39.9687198
2.182975E-06	40.1712597
2.198320E-06	40.3956219
2.213665E-06	40.6203589
2.229010E-06	40.8454792
2.230305E-06	40.8645105
2.244571E-06	41.0899907
2.260349E-06	41.3397807
2.276127E-06	41.5900047
2.291905E-06	41.840673
2.293236E-06	41.8618657
2.307905E-06	42.110854
2.324128E-06	42.3867107
2.340351E-06	42.663072
2.341767E-06	42.6872389
2.364686E-06	43.1011972
2.381367E-06	43.4031742
2.391210E-06	43.5817124
2.398047E-06	43.7130125
2.423069E-06	44.1946128
2.441579E-06	44.5519361
2.448560E-06	44.694758
2.465712E-06	45.0464691
2.491439E-06	45.5753565
2.492887E-06	45.6052054
2.517650E-06	46.1470651
2.535286E-06	46.533945
2.545642E-06	46.7617478
2.561739E-06	47.1380504
2.588690E-06	47.7700876
2.599390E-06	48.0217203
2.606823E-06	48.207765
2.634022E-06	48.8904234
2.652411E-06	49.3532541
2.654144E-06	49.3969738
2.671056E-06	49.8518009
2.689700E-06	50.35439
2.709918E-06	50.9010188
2.717667E-06	51.1248541
2.736838E-06	51.6802413
2.756009E-06	52.2369951
2.767267E-06	52.5647742
2.775180E-06	52.8114922
2.794350E-06	53.410683
2.814062E-06	54.0283567
2.825694E-06	54.3938175
2.833774E-06	54.6629391
2.853485E-06	55.3211945
2.865005E-06	55.7069098
2.873197E-06	55.9948062
2.893465E-06	56.7089789
2.905425E-06	57.1315972
2.913733E-06	57.4400841
2.934001E-06	58.194755
2.945845E-06	58.6370476
2.954269E-06	58.9680263
2.975108E-06	59.7892202
2.987406E-06	60.2752648
2.995948E-06	60.6310272
3.016788E-06	61.5015182
3.028967E-06	62.0117943
3.037628E-06	62.3947708
3.059056E-06	63.3451695
3.071700E-06	63.9078117
3.080483E-06	64.3209334
3.101911E-06	65.3319899
3.114433E-06	65.9248011
3.123339E-06	66.3712153
3.145371E-06	67.4792948
3.158373E-06	68.1354479
3.167404E-06	68.6189558
3.189436E-06	69.8025601
3.202312E-06	70.4967221
3.211469E-06	71.0214617
3.234123E-06	72.324293
3.247491E-06	73.0959865
3.256777E-06	73.6669655
3.279431E-06	75.0650753
3.292670E-06	75.8852853
3.302085E-06	76.5027519
3.325378E-06	78.0363045
3.327510E-06	78.1772344
3.348672E-06	79.6485945
3.362351E-06	80.6036034
3.371965E-06	81.3104715
3.395258E-06	83.03006
3.397519E-06	83.1976477
3.419209E-06	84.8939292
3.433342E-06	86.0040954
3.443160E-06	86.818805
3.467110E-06	88.8151336
3.469166E-06	88.9872488
3.491061E-06	90.9271836
3.505663E-06	92.2270322
3.515687E-06	93.17317
3.540314E-06	95.5085796
3.542497E-06	95.7166981
3.564940E-06	97.9878604
3.579331E-06	99.4515535
3.589566E-06	100.559443
3.614888E-06	103.314265
3.617205E-06	103.567762
3.640209E-06	106.251773
3.655078E-06	107.996169
3.665530E-06	109.306666
3.690851E-06	112.498868
3.693308E-06	112.810436
3.716887E-06	115.976089
3.719270E-06	116.297919
3.742923E-06	119.647189
3.745231E-06	119.975821
3.762450E-06	122.54782
3.771193E-06	123.859865
3.781976E-06	125.560152
3.797521E-06	128.022441
3.801687E-06	128.717074
3.821765E-06	132.080394
3.824215E-06	132.49287
3.841842E-06	135.620309
3.850909E-06	137.236929
3.861920E-06	139.308436
3.877603E-06	142.273617
3.881998E-06	143.151781
3.902076E-06	147.183677
3.904673E-06	147.708167
3.922720E-06	151.565539
3.932120E-06	153.586045
3.943364E-06	156.148866
3.959568E-06	159.862828
3.964009E-06	160.943829
3.984653E-06	165.997351
3.987015E-06	166.579044
4.005297E-06	171.368166
4.014849E-06	173.885638
4.026330E-06	177.112291
4.043071E-06	181.846676
4.047557E-06	183.190862
4.064237E-06	188.22118
4.068783E-06	189.663628
4.085404E-06	194.971171
4.090010E-06	196.520566
4.106570E-06	202.126975
4.111237E-06	203.793784
4.128134E-06	209.869245
4.132663E-06	211.590309
4.149898E-06	218.185164
4.154489E-06	220.044658
4.171661E-06	227.049526
4.176315E-06	229.061137
4.193425E-06	236.511815
4.198141E-06	238.690823
4.212691E-06	245.455956
4.215189E-06	246.623226
4.227242E-06	252.610172
4.237135E-06	257.550361
4.241792E-06	260.027846
4.256753E-06	268.029535
4.259448E-06	269.479159
4.271714E-06	276.523012
4.281761E-06	282.325492
4.286675E-06	285.361138
4.301636E-06	294.655668
4.304074E-06	296.179256
4.316598E-06	304.563985
4.326387E-06	311.158
4.331559E-06	314.85182
4.341262E-06	321.825116
4.346520E-06	325.790592
4.356369E-06	333.265996
4.361481E-06	337.345011
4.371707E-06	345.558074
4.376864E-06	349.918453
4.387045E-06	358.584843
4.392247E-06	363.251567
4.402383E-06	372.407058
4.407630E-06	377.40746
4.417722E-06	387.091459
4.423014E-06	392.455897
4.433060E-06	402.711975
4.438397E-06	408.474247
4.448398E-06	419.350592
4.453780E-06	425.54842
4.463736E-06	437.098545
4.469163E-06	443.776956
4.479291E-06	456.333827
4.484546E-06	463.261649
4.495061E-06	477.226499
4.499153E-06	483.014466
4.510832E-06	499.65986
4.513760E-06	504.110866
4.526603E-06	523.788283
4.528367E-06	526.675022
4.539322E-06	544.73214
4.542374E-06	549.795266
4.550277E-06	563.699047
4.554202E-06	570.649805
4.561232E-06	583.757375
4.566031E-06	592.763377
4.572187E-06	604.944029
4.577859E-06	616.240168
4.583142E-06	627.34558
4.589687E-06	641.195713
4.594097E-06	651.077802
4.602384E-06	669.778491
4.605972E-06	678.42119
4.615116E-06	700.586878
4.616817E-06	704.735723
4.624259E-06	723.983583
4.626439E-06	729.654758
4.633403E-06	748.668435
4.636061E-06	755.970373
4.642547E-06	774.683631
4.645683E-06	783.790221
4.651691E-06	802.127359
4.655306E-06	813.232369
4.660834E-06	831.106892
4.664928E-06	844.426551
4.669978E-06	861.739638
4.674550E-06	877.513132
4.678706E-06	892.760463
4.687019E-06	923.442757
4.695331E-06	956.183271
4.703644E-06	990.754992
4.711956E-06	1027.29813
4.720269E-06	1065.96671
4.728581E-06	1106.93023
4.736894E-06	1150.37563
4.745206E-06	1196.50942
4.753519E-06	1245.56022
4.761831E-06	1297.78172
4.770144E-06	1353.45595
4.778456E-06	1412.89728
4.786769E-06	1476.45693
4.795081E-06	1544.5283
4.803394E-06	1617.55324
4.811706E-06	1696.02943
4.820019E-06	1780.51906
4.826253E-06	1848.79739
4.828331E-06	1871.71332
4.832488E-06	1920.37121
4.834566E-06	1944.86966
4.838722E-06	1996.51105
4.840800E-06	2022.51539
4.844956E-06	2077.39196
4.847034E-06	2105.02982
4.851191E-06	2163.42063
4.853269E-06	2192.83302
4.857425E-06	2255.04808
4.859503E-06	2286.39227
4.863659E-06	2352.7768
4.865738E-06	2386.22736
4.869894E-06	2457.16666
4.871972E-06	2492.86959
4.874050E-06	2530.62657
4.877375E-06	2591.45981
4.880700E-06	2656.0195
4.884025E-06	2721.07106
4.885688E-06	2755.85724
4.890675E-06	2860.90418
4.895663E-06	2973.21651
4.900650E-06	3092.43676
4.905638E-06	3219.1461
4.910625E-06	3353.98689
4.915613E-06	3497.67001
4.920600E-06	3650.98308
4.925588E-06	3814.79968
4.929328E-06	3946.81004
4.931406E-06	4020.62298
4.933484E-06	4099.07749
4.935563E-06	4178.06866
4.937641E-06	4261.27413
4.939719E-06	4345.05901
4.941797E-06	4433.39453
4.943875E-06	4522.35615
4.945953E-06	4616.23543
4.948031E-06	4710.79174
4.950109E-06	4810.66598
4.952188E-06	4911.27281
4.954266E-06	5017.63369
4.956344E-06	5124.78768
4.958422E-06	5238.17039
4.960500E-06	5352.41204
4.962578E-06	5473.3982
4.964656E-06	5595.3148
4.966734E-06	5724.53525
4.968813E-06	5854.76363
4.970891E-06	5992.90096
4.972969E-06	6132.12994
4.975047E-06	6279.92058
4.977125E-06	6428.89308
4.979203E-06	6587.12881
4.981281E-06	6746.6432
4.983359E-06	6916.17182
4.985438E-06	7087.08256
4.987516E-06	7268.80756
4.989594E-06	7452.02463
4.991672E-06	7646.90351
4.993750E-06	7843.39066
4.995828E-06	8052.43165
4.997906E-06	8263.20283
4.999984E-06	8487.4597
5.002063E-06	8713.57365
5.004141E-06	8954.13818
5.006219E-06	9196.69065
5.008297E-06	9454.68263
5.010375E-06	9714.79599
5.012453E-06	9991.35016
5.014531E-06	10270.16
5.016609E-06	10566.4099
5.018688E-06	10865.0486
5.020766E-06	11182.1067
5.022844E-06	11501.6829
5.024922E-06	11840.6176
5.027000E-06	12182.1249
5.028870E-06	12506.7582
5.030741E-06	12833.6772
5.032611E-06	13177.5594
5.034481E-06	13523.7418
5.036352E-06	13887.3859
5.038222E-06	14253.3898
5.040092E-06	14637.2526
5.041963E-06	15023.5243
5.043833E-06	15427.938
5.045703E-06	15834.7886
5.047573E-06	16259.9205
5.049444E-06	16687.5018
5.051314E-06	17133.3459
5.053184E-06	17581.6242
5.055055E-06	18047.9583
5.056925E-06	18517.147
5.060250E-06	19387.7198
5.061913E-06	19825.7834
5.065238E-06	20753.8437
5.070225E-06	22153.5322
5.075213E-06	23636.6184
5.076875E-06	24132.9129
5.080200E-06	25160.7552
5.083525E-06	26193.2923
5.102976E-06	32379.0507
5.103891E-06	32661.2519
5.109460E-06	34373.5952
5.109626E-06	34422.5861
5.114780E-06	35932.7108
5.115279E-06	36070.8704
5.120100E-06	37395.3772
5.120931E-06	37606.98
5.125420E-06	38736.5555
5.126584E-06	39001.2846
5.130740E-06	39933.7988
5.131073E-06	39999.4421
5.135728E-06	40902.9627
5.136060E-06	40957.8388
5.140715E-06	41708.0668
5.141048E-06	41751.1699
5.145703E-06	42335.0436
5.146035E-06	42365.6122
5.150690E-06	42772.7942
5.151023E-06	42792.2456
5.154015E-06	42955.757
5.154348E-06	42963.8024
5.159235E-06	43061.8614
5.159734E-06	43056.3129
5.162710E-06	43008.5631
5.164655E-06	42921.7842
5.167249E-06	42793.9446
5.169643E-06	42599.9692
5.171787E-06	42416.3916
5.174630E-06	42083.2494
5.176625E-06	41840.7764
5.179618E-06	41383.433
5.181613E-06	41070.4291
5.184605E-06	40513.0159
5.186600E-06	40135.1669
5.187930E-06	39849.0747
5.191255E-06	39124.4261
5.192918E-06	38725.556
5.195910E-06	37998.5811
5.197905E-06	37476.0374
5.200565E-06	36772.5392
5.202893E-06	36120.0328
5.205220E-06	35462.7193
5.207880E-06	34673.3553
5.211371E-06	33631.2304
5.214198E-06	32743.7435
5.236475E-06	25714.8917
5.243125E-06	23678.6152
5.248113E-06	22206.4636
5.249775E-06	21732.2743
5.253100E-06	20789.1064
5.254763E-06	20336.4222
5.258295E-06	19379.7938
5.259750E-06	19001.454
5.262036E-06	18410.1242
5.263491E-06	18047.4047
5.265777E-06	17480.2666
5.267231E-06	17133.2454
5.269517E-06	16590.825
5.270972E-06	16259.6784
5.273258E-06	15742.2291
5.274713E-06	15426.9855
5.276998E-06	14934.5174
5.278453E-06	14635.0583
5.280739E-06	14167.3678
5.282194E-06	13883.4639
5.284480E-06	13440.1634
5.285934E-06	13171.8414
5.288428E-06	12714.8826
5.289675E-06	12498.4809
5.292584E-06	11997.1464
5.293831E-06	11794.2184
5.296741E-06	11324.3694
5.297988E-06	11134.419
5.300897E-06	10694.6894
5.302144E-06	10517.0957
5.305053E-06	10106.0263
5.306300E-06	9940.14172
5.309209E-06	9556.21574
5.310456E-06	9401.37978
5.313366E-06	9043.05342
5.314613E-06	8898.60369
5.317522E-06	8564.33189
5.318769E-06	8429.61365
5.321678E-06	8117.87138
5.322925E-06	7992.24499
5.325834E-06	7701.54449
5.327081E-06	7584.39134
5.329991E-06	7313.29529
5.331238E-06	7204.02223
5.334147E-06	6951.15387
5.335394E-06	6849.19633
5.338303E-06	6613.24634
5.339550E-06	6518.07043
5.342459E-06	6297.80149
5.343706E-06	6208.90507
5.346616E-06	6003.15423
5.347863E-06	5920.06729
5.350772E-06	5727.74661
5.352019E-06	5650.03102
5.354928E-06	5470.12683
5.356175E-06	5397.37564
5.359084E-06	5228.94675
5.360331E-06	5160.78304
5.363241E-06	5002.95808
5.364488E-06	4939.03368
5.367397E-06	4791.0079
5.368644E-06	4731.00182
5.371553E-06	4592.03354
5.372800E-06	4535.65036
5.375709E-06	4405.05704
5.376956E-06	4352.02523
5.379866E-06	4229.17968
5.381113E-06	4179.24991
5.384022E-06	4063.57624
5.385269E-06	4016.99345
5.389841E-06	3847.63906
5.391191E-06	3800.98191
5.395452E-06	3655.2038
5.396491E-06	3621.95347
5.401063E-06	3476.91219
5.401790E-06	3455.29909
5.406673E-06	3311.41101
5.407089E-06	3299.92319
5.412284E-06	3157.51909
5.412388E-06	3154.84324
5.417688E-06	3019.49155
5.417895E-06	3014.22336
5.422987E-06	2892.84942
5.423506E-06	2880.55618
5.428286E-06	2774.04595
5.429117E-06	2755.6571
5.433585E-06	2662.44953
5.434728E-06	2638.77615
5.438884E-06	2557.49065
5.440339E-06	2529.27198
5.445950E-06	2426.37451
5.452184E-06	2319.40668
5.458419E-06	2219.42564
5.464653E-06	2125.83318
5.470888E-06	2038.09441
5.477122E-06	1955.72883
5.483356E-06	1878.30492
5.491669E-06	1782.09272
5.499981E-06	1693.1579
5.508294E-06	1610.78197
5.516606E-06	1534.3333
5.524919E-06	1463.25479
5.533231E-06	1397.05357
5.541544E-06	1335.29223
5.549856E-06	1277.58152
5.558169E-06	1223.57418
5.566481E-06	1172.9595
5.574794E-06	1125.45886
5.583106E-06	1080.8218
5.591419E-06	1038.82263
5.599731E-06	999.257535
5.608044E-06	962.406259
5.612200E-06	944.134056
5.620513E-06	910.239334
5.624669E-06	893.458626
5.632981E-06	862.265379
5.637138E-06	846.818088
5.645450E-06	817.996923
5.648983E-06	805.853955
5.656048E-06	783.040555
5.659581E-06	771.722559
5.666647E-06	750.35484
5.670180E-06	739.752332
5.677245E-06	719.710435
5.680778E-06	709.764225
5.687844E-06	691.107481
5.694909E-06	672.609781
5.701975E-06	655.389427
5.709041E-06	638.333818
5.716106E-06	622.426203
5.723172E-06	606.66697
5.730238E-06	591.942604
5.737303E-06	577.352271
5.744369E-06	563.69744
5.751434E-06	550.164007
5.758500E-06	537.513379
5.766813E-06	522.752787
5.770969E-06	515.879962
5.783438E-06	495.419389
5.800063E-06	470.257848
5.816688E-06	447.031416
5.833313E-06	425.548478
5.849938E-06	405.640526
5.866563E-06	387.15894
5.883188E-06	369.972263
5.899813E-06	353.963891
5.916438E-06	339.030134
5.933063E-06	325.078544
5.949688E-06	312.026474
5.966313E-06	299.799812
5.982938E-06	288.331857
5.999563E-06	277.705731
6.007875E-06	272.431659
6.016188E-06	267.502073
6.024500E-06	262.610636
6.034891E-06	256.847288
6.045281E-06	251.132801
6.055672E-06	245.774806
6.066063E-06	240.463778
6.076453E-06	235.477451
6.086844E-06	230.533996
6.097234E-06	225.887089
6.107625E-06	221.27941
6.118016E-06	216.943137
6.128406E-06	212.642823
6.138797E-06	208.591319
6.149188E-06	204.572832
6.159578E-06	200.836064
6.180359E-06	193.423253
6.201141E-06	186.672054
6.211531E-06	183.322279
6.221922E-06	180.240968
6.242703E-06	174.126108
6.263484E-06	168.533353
6.273875E-06	165.757498
6.284266E-06	163.195061
6.305047E-06	158.108329
6.325828E-06	153.439677
6.336219E-06	151.121893
6.346609E-06	148.97614
6.367391E-06	144.715514
6.388172E-06	140.794173
6.398563E-06	138.847012
6.408953E-06	137.040322
6.429734E-06	133.452265
6.450516E-06	130.143011
6.460906E-06	128.499553
6.471297E-06	126.99021
6.492078E-06	123.992546
6.502469E-06	122.503619
6.512859E-06	121.151998
6.541953E-06	117.398626
6.544031E-06	117.132906
6.570008E-06	114.117176
6.585594E-06	112.32398
6.598063E-06	111.020815
6.626117E-06	108.115906
6.627156E-06	108.009258
6.654172E-06	105.49248
6.668719E-06	104.149389
6.681188E-06	103.105011
6.706125E-06	101.034652
6.710281E-06	100.692373
6.731063E-06	99.142731
6.751844E-06	97.6062717
6.756000E-06	97.328511
6.780938E-06	95.6769741
6.793406E-06	94.8583583
6.805875E-06	94.1210186
6.827695E-06	92.8418889
6.834969E-06	92.4188605
6.849516E-06	91.6807388
6.871336E-06	90.5832265
6.893156E-06	89.4950408
6.897313E-06	89.2894837
6.914977E-06	88.5584131
6.934719E-06	87.7488582
6.953422E-06	86.9883188
6.959656E-06	86.7368316
6.972125E-06	86.3249115
6.990828E-06	85.712966
7.009531E-06	85.1068247
7.022000E-06	84.7064154
7.027195E-06	84.5718516
7.047977E-06	84.039961
7.063563E-06	83.6454796
7.074992E-06	83.3589384
7.079148E-06	83.2768927
7.094734E-06	82.9729172
7.109281E-06	82.6925039
7.125906E-06	82.3758895
7.127984E-06	82.3368223
7.142531E-06	82.1389652
7.155000E-06	81.9720288
7.167469E-06	81.8073546
7.178898E-06	81.6583812
7.184094E-06	81.5915031
7.189809E-06	81.5508648
7.200719E-06	81.4749937
7.211629E-06	81.4008284
7.222539E-06	81.3283646
7.232930E-06	81.2609302
7.242281E-06	81.2015541
7.251633E-06	81.1434224
7.254750E-06	81.1244598
7.260984E-06	81.1239442
7.270336E-06	81.1244145
7.279688E-06	81.126129
7.289039E-06	81.1290885
7.296053E-06	81.1321262
7.303066E-06	81.1358659
7.310080E-06	81.1403086
7.317094E-06	81.1454555
7.321250E-06	81.1489003
7.323328E-06	81.1618841
7.329563E-06	81.201394
7.335797E-06	81.2414635
7.342031E-06	81.2820935
7.348266E-06	81.3232856
7.353980E-06	81.3615399
7.359436E-06	81.3984979
7.364891E-06	81.4358894
7.370346E-06	81.4737153
7.375801E-06	81.5119769
7.381126E-06	81.5497487
7.381516E-06	81.5525424
7.386191E-06	81.6121938
7.391257E-06	81.6771951
7.396322E-06	81.7425762
7.401388E-06	81.8083382
7.406453E-06	81.8744823
7.410536E-06	81.9280755
7.414619E-06	81.9819185
7.418702E-06	82.0360119
7.422785E-06	82.0903564
7.426868E-06	82.1449528
7.431015E-06	82.2006644
7.437283E-06	82.2853737
7.440718E-06	82.3320464
7.444754E-06	82.3871223
7.448791E-06	82.4424483
7.452811E-06	82.4978088
7.452827E-06	82.4981207
7.456864E-06	82.5784687
7.460900E-06	82.6590691
7.465069E-06	82.7425825
7.469238E-06	82.8263673
7.473407E-06	82.9104244
7.477576E-06	82.9947552
7.481745E-06	83.0793604
7.486470E-06	83.1755793
7.491472E-06	83.2778459
7.496475E-06	83.3805127
7.501478E-06	83.4835822
7.506480E-06	83.5870559
7.511483E-06	83.690936
7.516486E-06	83.795225
7.521489E-06	83.8999246
7.523156E-06	83.9350078
7.529827E-06	84.1169374
7.536497E-06	84.2996995
7.542333E-06	84.4602286
7.548170E-06	84.6213325
7.554006E-06	84.7830154
7.559843E-06	84.9452813
7.567625E-06	85.1625498
7.574295E-06	85.3496183
7.585413E-06	85.6631358
7.594306E-06	85.9155311
7.603200E-06	86.2276271
7.611538E-06	86.5215247
7.619876E-06	86.8167014
7.628214E-06	87.1131725
7.636552E-06	87.4109528
7.647669E-06	87.8100569
7.657674E-06	88.1712969
7.665456E-06	88.4537914
7.667680E-06	88.5494724
7.677685E-06	88.9820348
7.687691E-06	89.4166268
7.697696E-06	89.8532808
7.708813E-06	90.3409111
7.720486E-06	90.8557597
7.732159E-06	91.3735702
7.743832E-06	91.9761692
7.755505E-06	92.581851
7.767734E-06	93.2197516
7.781075E-06	93.9196701
7.794416E-06	94.6238898
7.798863E-06	94.8600977
7.807756E-06	95.3965532
7.825544E-06	96.4765041
7.839996E-06	97.3600579
7.856672E-06	98.3865434
7.858895E-06	98.5244399
7.873348E-06	99.5281055
7.890023E-06	100.694178
7.906699E-06	101.868525
7.918928E-06	102.735992
7.923375E-06	103.088392
7.943386E-06	104.685933
7.963397E-06	106.296808
7.981184E-06	107.741078
7.983408E-06	107.943297
8.003419E-06	109.777828
8.023430E-06	111.627587
8.043441E-06	113.493283
8.047888E-06	113.911592
8.063452E-06	115.552597
8.083463E-06	117.679956
8.103473E-06	119.825667
8.114591E-06	121.02843
8.123484E-06	122.085183
8.144607E-06	124.616939
8.159059E-06	126.366337
8.167953E-06	127.527037
8.191299E-06	130.604668
8.203528E-06	132.233886
8.214645E-06	133.830806
8.237991E-06	137.219084
8.247997E-06	138.687045
8.261338E-06	140.797952
8.288019E-06	145.068112
8.292466E-06	145.789025
8.314700E-06	149.677752
8.336934E-06	153.616126
8.341381E-06	154.467133
8.368063E-06	159.637432
8.381403E-06	162.257276
8.394744E-06	165.089723
8.421425E-06	170.829655
8.425872E-06	171.799854
8.448106E-06	177.04903
8.470341E-06	182.371643
8.474788E-06	183.526048
8.501469E-06	190.548194
8.514809E-06	194.111321
8.528150E-06	197.980183
8.554831E-06	205.831326
8.559278E-06	207.160479
8.581513E-06	214.38675
8.603747E-06	221.725758
8.608194E-06	223.308495
8.634875E-06	232.953054
8.637098E-06	233.770309
8.661556E-06	243.368601
8.670450E-06	246.918418
8.688238E-06	254.511094
8.703802E-06	261.269406
8.714919E-06	266.441201
8.737153E-06	276.965637
8.741600E-06	279.225046
8.768281E-06	293.021491
8.770505E-06	294.193361
8.794963E-06	308.040641
8.803856E-06	313.174523
8.821644E-06	324.228602
8.837208E-06	334.09121
8.847880E-06	341.373893
8.868781E-06	355.917057
8.873895E-06	359.745859
8.899464E-06	379.272341
8.899909E-06	379.638174
8.925923E-06	401.475279
8.930148E-06	405.115366
8.960609E-06	433.405918
8.960831E-06	433.617925
8.985289E-06	458.813333
8.991514E-06	465.371049
9.009302E-06	485.634727
9.020864E-06	499.103682
9.033315E-06	514.749571
9.047545E-06	533.043591
9.057328E-06	546.594839
9.073337E-06	569.201389
9.074226E-06	570.478461
9.089346E-06	593.906926
9.100908E-06	612.184979
9.111580E-06	630.447692
9.127589E-06	658.479415
9.132925E-06	668.624692
9.154270E-06	710.147004
9.172058E-06	748.172163
9.175615E-06	756.233379
9.189845E-06	789.141159
9.204075E-06	824.660941
9.207633E-06	833.70133
9.218305E-06	862.512893
9.225420E-06	882.072138
9.232535E-06	902.889465
9.243208E-06	934.694291
9.246765E-06	946.000409
9.260995E-06	992.07386
9.275225E-06	1042.25014
9.278783E-06	1055.05276
9.289455E-06	1096.1394
9.296570E-06	1124.10328
9.303685E-06	1153.87104
9.310800E-06	1184.27487
9.317915E-06	1216.46913
9.325030E-06	1249.3479
9.331256E-06	1279.85686
9.339260E-06	1319.88129
9.343707E-06	1343.50162
9.353490E-06	1396.5091
9.356158E-06	1411.89403
9.367720E-06	1479.92584
9.368609E-06	1485.50606
9.381061E-06	1565.25867
9.381950E-06	1571.08481
9.393512E-06	1651.90143
9.396180E-06	1670.98518
9.405963E-06	1745.81212
9.410410E-06	1780.63384
9.418414E-06	1847.36173
9.421972E-06	1877.70413
9.429532E-06	1946.02203
9.433534E-06	1982.95106
9.439315E-06	2039.56744
9.445096E-06	2097.32158
9.449098E-06	2139.84086
9.456658E-06	2221.79736
9.458881E-06	2247.48333
9.468219E-06	2357.6096
9.468664E-06	2363.20992
9.478447E-06	2489.02603
9.479781E-06	2506.57872
9.488230E-06	2625.39764
9.491343E-06	2670.2039
9.498013E-06	2773.07467
9.502905E-06	2850.28197
9.507352E-06	2925.03203
9.511799E-06	3001.49381
9.516246E-06	3082.3997
9.520693E-06	3165.16914
9.525139E-06	3252.88214
9.529586E-06	3342.67701
9.534033E-06	3437.98656
9.538480E-06	3535.62863
9.542927E-06	3639.44024
9.547374E-06	3745.8729
9.551821E-06	3859.22785
9.556268E-06	3975.53685
9.560714E-06	4099.63528
9.565161E-06	4227.07285
9.569608E-06	4363.30053
9.574055E-06	4503.10837
9.577613E-06	4622.48107
9.582059E-06	4775.29021
9.584728E-06	4872.98883
9.590064E-06	5072.90793
9.591843E-06	5144.04556
9.598068E-06	5398.88848
9.598958E-06	5437.82133
9.606073E-06	5756.73667
9.613188E-06	6106.68567
9.614077E-06	6151.58444
9.620303E-06	6488.26657
9.622081E-06	6587.03459
9.627418E-06	6904.94054
9.630086E-06	7068.04789
9.634088E-06	7330.9306
9.638090E-06	7600.25478
9.640313E-06	7759.8982
9.644316E-06	8054.09251
9.646539E-06	8227.19436
9.650541E-06	8546.26294
9.652765E-06	8734.06192
9.656767E-06	9080.28196
9.658990E-06	9284.09555
9.662993E-06	9659.87971
9.665216E-06	9881.09629
9.669218E-06	10288.9837
9.671442E-06	10529.0508
9.675444E-06	10971.6759
9.677667E-06	11232.0836
9.681669E-06	11711.7277
9.683448E-06	11937.3461
9.687895E-06	12513.3874
9.688784E-06	12636.2259
9.694121E-06	13387.9088
9.695899E-06	13643.6203
9.699457E-06	14191.7956
9.703904E-06	14890.5227
9.704793E-06	15040.0479
9.710129E-06	15954.1089
9.711908E-06	16264.6442
9.715466E-06	16926.7739
9.719913E-06	17773.3396
9.723470E-06	18492.9968
9.727917E-06	19413.887
9.730140E-06	19899.6884
9.735032E-06	20990.0203
9.736811E-06	21407.77
9.743481E-06	23003.5733
9.743926E-06	23112.168
9.752375E-06	25283.1183
9.752819E-06	25399.4594
9.759045E-06	27100.7408
9.761713E-06	27842.9906
9.771052E-06	30548.981
9.774164E-06	31470.6084
9.805826E-06	41151.9095
9.809295E-06	42176.1543
9.817299E-06	44506.0826
9.820234E-06	45307.4973
9.828772E-06	47580.412
9.829839E-06	47841.5378
9.836776E-06	49476.6396
9.839445E-06	50046.7682
9.844781E-06	51125.6148
9.849406E-06	51936.0803
9.853675E-06	52634.1566
9.856521E-06	53018.8393
9.860790E-06	53549.6622
9.863636E-06	53826.4082
9.867905E-06	54192.2912
9.870751E-06	54331.4194
9.879217E-06	54617.6583
9.881423E-06	54617.1311
9.884625E-06	54569.2208
9.887827E-06	54437.9098
9.892096E-06	54216.0552
9.894230E-06	54043.8306
9.899211E-06	53585.9401
9.901345E-06	53332.8238
9.906326E-06	52686.0156
9.908460E-06	52355.9067
9.913441E-06	51532.1249
9.915931E-06	51064.2345
9.920556E-06	50149.2605
9.923402E-06	49517.3529
9.931228E-06	47706.3505
9.932117E-06	47480.0355
9.941901E-06	44899.8348
9.943324E-06	44498.6993
9.954530E-06	41256.5356
9.956931E-06	40550.5828
9.984057E-06	32356.2179
9.986280E-06	31705.9752
9.996063E-06	28881.1578
9.999176E-06	28015.1082
1.000407E-05	26677.3014
1.000807E-05	25626.9708
1.001341E-05	24251.5614
1.001696E-05	23377.8157
1.002141E-05	22308.4994
1.002586E-05	21291.5566
1.002942E-05	20496.8764
1.003453E-05	19415.6306
1.003742E-05	18819.8156
1.004320E-05	17696.6435
1.004542E-05	17276.2351
1.005076E-05	16318.6858
1.005187E-05	16128.1578
1.005699E-05	15277.3996
1.006054E-05	14715.3011
1.006321E-05	14308.3563
1.006944E-05	13408.3492
1.007211E-05	13042.7047
1.007566E-05	12571.8533
1.007922E-05	12126.1483
1.008189E-05	11800.6224
1.008634E-05	11287.4809
1.008811E-05	11087.6219
1.009345E-05	10520.8603
1.009434E-05	10428.8845
1.010057E-05	9820.51893
1.010768E-05	9183.38513
1.011480E-05	8601.7545
1.012191E-05	8070.48893
1.012903E-05	7584.81368
1.013614E-05	7141.77031
1.013792E-05	7037.4933
1.014326E-05	6734.94071
1.014681E-05	6544.92702
1.015037E-05	6360.94144
1.015571E-05	6100.75714
1.015749E-05	6016.68648
1.016460E-05	5701.5655
1.016638E-05	5625.12202
1.017349E-05	5340.20981
1.017527E-05	5271.04735
1.018239E-05	5012.73761
1.018417E-05	4949.98239
1.019128E-05	4715.14311
1.019306E-05	4658.05048
1.020018E-05	4443.96455
1.020195E-05	4392.07268
1.021085E-05	4148.44531
1.021174E-05	4125.48716
1.021974E-05	3926.09318
1.022330E-05	3842.48059
1.022864E-05	3721.22414
1.023486E-05	3588.65857
1.024020E-05	3478.64564
1.024642E-05	3359.12402
1.025176E-05	3259.82583
1.025798E-05	3151.66836
1.026332E-05	3061.72048
1.026955E-05	2963.51005
1.027488E-05	2881.75822
1.028111E-05	2792.29084
1.028644E-05	2717.7514
1.029267E-05	2636.00476
1.029801E-05	2568.03937
1.030690E-05	2461.36714
1.030957E-05	2430.38076
1.032113E-05	2303.74243
1.033536E-05	2161.87656
1.034959E-05	2033.16604
1.036382E-05	1916.00993
1.037805E-05	1809.04669
1.039228E-05	1711.11202
1.040651E-05	1621.2049
1.042074E-05	1538.72322
1.042430E-05	1519.19409
1.043497E-05	1462.47675
1.044209E-05	1426.73655
1.045098E-05	1383.42899
1.045987E-05	1342.56785
1.046699E-05	1310.84363
1.047766E-05	1265.87307
1.048300E-05	1244.02831
1.049545E-05	1195.78663
1.049901E-05	1182.38292
1.051324E-05	1131.56545
1.051501E-05	1125.42105
1.053903E-05	1047.69509
1.053992E-05	1045.01896
1.056037E-05	985.688571
1.056304E-05	978.182615
1.058350E-05	924.454588
1.058439E-05	922.191267
1.060573E-05	871.152004
1.060662E-05	869.146322
1.062708E-05	824.482865
1.062974E-05	818.979012
1.064842E-05	781.634551
1.065287E-05	773.220324
1.066977E-05	742.193118
1.067599E-05	731.358348
1.069111E-05	705.969878
1.071068E-05	674.792638
1.071246E-05	672.053781
1.073380E-05	640.832607
1.076048E-05	605.135475
1.076938E-05	593.920532
1.078716E-05	572.376564
1.080495E-05	552.046815
1.081384E-05	542.263175
1.084053E-05	514.533633
1.086721E-05	489.237503
1.087610E-05	481.235734
1.089389E-05	465.802741
1.091168E-05	451.139801
1.092057E-05	444.056624
1.094725E-05	423.844567
1.097838E-05	402.201149
1.098283E-05	399.271314
1.100951E-05	382.267816
1.101840E-05	376.889728
1.104063E-05	363.887849
1.105726E-05	354.649905
1.107176E-05	346.8611
1.109613E-05	334.413854
1.110289E-05	331.067201
1.113499E-05	316.123148
1.114958E-05	309.58578
1.119328E-05	291.345854
1.119628E-05	290.150889
1.123577E-05	275.353813
1.125158E-05	269.741982
1.127525E-05	261.702372
1.130987E-05	250.558992
1.131474E-05	249.054167
1.135423E-05	237.486013
1.136926E-05	233.296075
1.139372E-05	226.756089
1.142920E-05	217.721863
1.143321E-05	216.739207
1.148914E-05	203.839648
1.149245E-05	203.104268
1.154908E-05	191.372807
1.155280E-05	190.629636
1.160901E-05	180.136627
1.161371E-05	179.297037
1.167461E-05	169.082295
1.169006E-05	166.64304
1.173552E-05	159.811122
1.177223E-05	154.609391
1.179642E-05	151.340186
1.185441E-05	143.946756
1.185790E-05	143.520301
1.192053E-05	136.304582
1.193658E-05	134.549937
1.198315E-05	129.678216
1.201991E-05	126.02559
1.204578E-05	123.562808
1.210441E-05	118.256242
1.210840E-05	117.908956
1.217103E-05	112.732747
1.218890E-05	111.323962
1.223542E-05	107.804314
1.227339E-05	105.063241
1.229981E-05	103.24693
1.238567E-05	97.6526041
1.240251E-05	96.6157344
1.247152E-05	92.6114959
1.253283E-05	89.2484865
1.255859E-05	87.9111724
1.264687E-05	83.5769593
1.266314E-05	82.8185226
1.273515E-05	79.6427208
1.279713E-05	77.0445318
1.282343E-05	75.9988321
1.291295E-05	72.6128908
1.293112E-05	71.9573953
1.300372E-05	69.4717961
1.306637E-05	67.4246416
1.309449E-05	66.5506949
1.318526E-05	63.8557125
1.320414E-05	63.3186467
1.327731E-05	61.3390386
1.334192E-05	59.6644161
1.337064E-05	58.9544866
1.346397E-05	56.7435468
1.348228E-05	56.3267088
1.355730E-05	54.7102045
1.365195E-05	52.7501056
1.367116E-05	52.370566
1.379589E-05	50.0568765
1.386270E-05	48.8861236
1.393984E-05	47.612444
1.405691E-05	45.777238
1.408649E-05	45.3386987
1.423450E-05	43.256806
1.425386E-05	42.9974845
1.438251E-05	41.3705148
1.445355E-05	40.5142412
1.453469E-05	39.5889046
1.465605E-05	38.2688676
1.468688E-05	37.951045
1.484049E-05	36.4384764
1.486138E-05	36.2415103
1.499697E-05	35.0450662
1.515345E-05	33.722173
1.517515E-05	33.545844
1.531287E-05	32.5117623
1.547376E-05	31.3514376
1.549481E-05	31.2052675
1.563466E-05	30.3053446
1.580009E-05	29.2804707
1.582042E-05	29.1589626
1.596552E-05	28.3540228
1.613251E-05	27.4602905
1.615521E-05	27.342821
1.630261E-05	26.6339407
1.649631E-05	25.7383438
1.652942E-05	25.5955533
1.676262E-05	24.6338063
1.684379E-05	24.3127937
1.699582E-05	23.7525157
1.719775E-05	23.0380992
1.723560E-05	22.9140248
1.747538E-05	22.1588845
1.768301E-05	21.5292904
1.772193E-05	21.4211647
1.796848E-05	20.7618906
1.818196E-05	20.2109218
1.822198E-05	20.1161485
1.847548E-05	19.5369666
1.869499E-05	19.052332
1.873614E-05	18.9688356
1.899680E-05	18.4571589
1.922250E-05	18.0276903
1.926481E-05	17.9535346
1.953282E-05	17.4985058
1.976489E-05	17.1160252
1.980839E-05	17.0499235
2.008397E-05	16.643575
2.032259E-05	16.3014492
2.036732E-05	16.2422487
2.065067E-05	15.8777222
2.089602E-05	15.5703269
2.094201E-05	15.5180576
2.123336E-05	15.1958412
2.153292E-05	14.873016
2.178876E-05	14.6038694
2.183249E-05	14.562918
2.214051E-05	14.281657
2.244852E-05	14.0069711
2.271524E-05	13.7743359
2.276523E-05	13.7354234
2.308194E-05	13.4946148
2.357041E-05	13.1331674
2.368570E-05	13.0503815
2.406807E-05	12.8053404
2.457504E-05	12.4902132
2.469284E-05	12.4190084
2.509147E-05	12.2037959
2.562246E-05	11.9253628
2.574779E-05	11.861254
2.616345E-05	11.6706068
2.671456E-05	11.4244177
2.684261E-05	11.3685787
2.727594E-05	11.2018726
2.785317E-05	10.9853177
2.837879E-05	10.7925792
2.843522E-05	10.7746021
2.902820E-05	10.5901372
2.963820E-05	10.4044545
3.000288E-05	10.2956396
3.026542E-05	10.2274755
3.090443E-05	10.0650792
3.155541E-05	9.90292558
3.171992E-05	9.86267444
3.221852E-05	9.75633054
3.290034E-05	9.61355413
3.353214E-05	9.4835465
3.359139E-05	9.47306375
3.429540E-05	9.35083401
3.501609E-05	9.2277511
3.575712E-05	9.10320035
3.595131E-05	9.0710271
3.651208E-05	8.99238842
3.728118E-05	8.8861931
3.806461E-05	8.77958495
3.853756E-05	8.71606305
3.887015E-05	8.67811551
3.969084E-05	8.58582605
4.052666E-05	8.49307264
4.131784E-05	8.40632042
4.137761E-05	8.40083806
4.225326E-05	8.32171549
4.374561E-05	8.188805
4.497996E-05	8.0806395
4.503882E-05	8.07554567
4.608489E-05	8.001242
4.713095E-05	7.92783407
4.817701E-05	7.85519458
4.922307E-05	7.78323963
5.026913E-05	7.72457716
5.131520E-05	7.66646368
5.236126E-05	7.60884441
5.346935E-05	7.54829559
5.383871E-05	7.52828136
5.486483E-05	7.482953
5.598574E-05	7.43389811
5.756546E-05	7.36539459
5.918976E-05	7.29563757
6.001321E-05	7.26053997
6.043655E-05	7.24651243
6.170657E-05	7.20480205
6.344771E-05	7.14810929
6.500222E-05	7.09799718
6.688594E-05	7.03787461
6.801617E-05	7.00212748
6.914640E-05	6.96665215
7.027663E-05	6.93145668
7.140686E-05	6.89660286
7.253710E-05	6.86213133
7.329058E-05	6.83941996
7.404407E-05	6.81696731
7.498593E-05	6.78933438
7.555105E-05	6.77305761
7.611616E-05	6.75705931
7.668128E-05	6.74139694
7.724640E-05	6.72614967
7.762314E-05	6.71626545
7.781151E-05	6.71145828
7.799988E-05	6.70473393
7.837663E-05	6.69160107
7.874438E-05	6.67913088
7.910313E-05	6.66739531
7.946188E-05	6.6561587
7.973094E-05	6.64811999
8.000000E-05	6.64047452
8.026906E-05	6.63328706
8.053813E-05	6.62664771
8.071750E-05	6.62265741
8.080719E-05	6.61891831
8.098656E-05	6.61186523
8.116594E-05	6.60520714
8.134531E-05	6.59900271
8.151188E-05	6.59370258
8.166563E-05	6.58924807
8.181938E-05	6.5852657
8.197313E-05	6.58183054
8.205000E-05	6.5804317
8.212688E-05	6.57672618
8.228063E-05	6.57004586
8.243438E-05	6.5642024
8.258813E-05	6.55932652
8.272266E-05	6.55597881
8.283797E-05	6.55389317
8.295328E-05	6.55263146
8.306859E-05	6.55230573
8.317750E-05	6.55300658
8.318391E-05	6.55274419
8.329922E-05	6.5492449
8.341453E-05	6.54715462
8.352984E-05	6.54669385
8.362594E-05	6.54774305
8.374125E-05	6.55099334
8.381813E-05	6.55454206
8.384375E-05	6.5561458
8.389500E-05	6.5562907
8.397188E-05	6.55793062
8.404875E-05	6.56117874
8.412563E-05	6.56624966
8.420250E-05	6.57339258
8.426656E-05	6.58113709
8.430500E-05	6.58688664
8.433063E-05	6.58862913
8.439469E-05	6.59505189
8.445875E-05	6.60380714
8.452281E-05	6.61520588
8.458688E-05	6.6296135
8.465094E-05	6.64746156
8.468938E-05	6.66054214
8.471500E-05	6.66669596
8.478227E-05	6.68777589
8.482711E-05	6.70504236
8.487195E-05	6.72522378
8.491680E-05	6.74866525
8.492641E-05	6.75447258
8.496164E-05	6.77161869
8.500648E-05	6.79756451
8.505133E-05	6.82817673
8.509137E-05	6.85996987
8.514422E-05	6.90932307
8.517945E-05	6.94211401
8.521469E-05	6.97975872
8.524992E-05	7.02285764
8.528516E-05	7.07210982
8.531719E-05	7.12322305
8.532039E-05	7.12776612
8.535563E-05	7.18567752
8.538445E-05	7.23976054
8.541328E-05	7.3006631
8.544211E-05	7.36925014
8.544531E-05	7.37783776
8.547094E-05	7.44085457
8.549977E-05	7.52165911
8.552859E-05	7.61382299
8.555742E-05	7.71910528
8.557344E-05	7.78608528
8.558625E-05	7.83610717
8.561188E-05	7.95114851
8.563750E-05	8.08275797
8.566313E-05	8.23390123
8.566953E-05	8.276702
8.568234E-05	8.35795246
8.570156E-05	8.49487192
8.572078E-05	8.649216
8.574000E-05	8.82388189
8.575922E-05	9.02241584
8.576563E-05	9.09799688
8.577844E-05	9.24406216
8.579605E-05	9.47421725
8.581047E-05	9.68693581
8.582488E-05	9.92506673
8.583930E-05	10.1923653
8.584058E-05	10.2191065
8.585371E-05	10.4879957
8.586813E-05	10.8216853
8.588254E-05	11.1997575
8.589695E-05	11.6288843
8.590656E-05	11.9470554
8.591553E-05	12.2706916
8.591617E-05	12.2936565
8.592578E-05	12.669459
8.593539E-05	13.0795439
8.594500E-05	13.5271168
8.595653E-05	14.1185947
8.596806E-05	14.7755361
8.597959E-05	15.5049886
8.599113E-05	16.3145419
8.600266E-05	17.2123805
8.601419E-05	18.2072199
8.602572E-05	19.3083503
8.603725E-05	20.5255363
8.604238E-05	21.1226503
8.604878E-05	21.8724166
8.606031E-05	23.3589482
8.606800E-05	24.4314793
8.607313E-05	25.2045192
8.607953E-05	26.1748518
8.609106E-05	28.0881345
8.610131E-05	29.9470905
8.610259E-05	30.1806352
8.611413E-05	32.4716862
8.612566E-05	34.9629147
8.613014E-05	36.0136256
8.613719E-05	37.6725173
8.614872E-05	40.6074589
8.615256E-05	41.6621544
8.616025E-05	43.7802652
8.617050E-05	46.8030868
8.617178E-05	47.2049183
8.618075E-05	50.0287265
8.619100E-05	53.4511518
8.620638E-05	58.9775066
8.621022E-05	60.4707316
8.622175E-05	64.9689162
8.622944E-05	68.1883125
8.623713E-05	71.4214294
8.624866E-05	76.6045435
8.625378E-05	78.9180689
8.626788E-05	85.7078137
8.627300E-05	88.1873802
8.628709E-05	95.4512463
8.629606E-05	100.092898
8.630631E-05	105.696702
8.632297E-05	114.839236
8.632553E-05	116.292919
8.634475E-05	127.237057
8.636397E-05	138.221223
8.638319E-05	149.242464
8.638575E-05	150.716946
8.640817E-05	163.017411
8.641394E-05	166.190278
8.643252E-05	175.575152
8.643892E-05	178.819066
8.646006E-05	188.345262
8.648056E-05	196.293625
8.649978E-05	202.40676
8.651285E-05	205.673793
8.651567E-05	206.372952
8.653233E-05	209.379818
8.654668E-05	210.601502
8.655954E-05	211.659969
8.657435E-05	211.398006
8.657743E-05	211.334201
8.659178E-05	210.01972
8.659690E-05	209.224763
8.660715E-05	207.602513
8.661894E-05	204.96953
8.662368E-05	203.895572
8.663816E-05	199.690344
8.664072E-05	198.938161
8.665738E-05	193.009631
8.665994E-05	192.088375
8.668236E-05	182.625244
8.668300E-05	182.352382
8.670670E-05	170.878652
8.670991E-05	169.316478
8.673169E-05	157.738533
8.673938E-05	153.626431
8.675731E-05	143.682407
8.678294E-05	129.402686
8.680472E-05	117.204635
8.682138E-05	108.283576
8.682778E-05	104.834994
8.684860E-05	94.1967969
8.686526E-05	86.1590362
8.688288E-05	78.1682863
8.689825E-05	71.6505857
8.691363E-05	65.5722219
8.692900E-05	59.9380363
8.693925E-05	56.4276638
8.694438E-05	54.7694682
8.694950E-05	53.1162434
8.695975E-05	50.0002452
8.697128E-05	46.7167248
8.698281E-05	43.6608318
8.699434E-05	40.8236973
8.699563E-05	40.5317047
8.700588E-05	38.2118428
8.701741E-05	35.8007098
8.702894E-05	33.5774925
8.703534E-05	32.440574
8.704047E-05	31.5389317
8.705200E-05	29.6758137
8.706353E-05	27.9670598
8.707506E-05	26.4016663
8.707763E-05	26.083261
8.708659E-05	24.9823114
8.709813E-05	23.6889756
8.710966E-05	22.5077886
8.711991E-05	21.5490833
8.712119E-05	21.4308673
8.713272E-05	20.4605088
8.714425E-05	19.5753256
8.715578E-05	18.7673934
8.715834E-05	18.6033891
8.716731E-05	18.0395016
8.717980E-05	17.3251064
8.718941E-05	16.8209821
8.719902E-05	16.3526818
8.720703E-05	15.9897298
8.720863E-05	15.9187352
8.721824E-05	15.5227023
8.723266E-05	14.9790954
8.724707E-05	14.4890508
8.725572E-05	14.2229881
8.726148E-05	14.0508316
8.727590E-05	13.6609672
8.729031E-05	13.3063547
8.730473E-05	12.9824145
8.731914E-05	12.6851973
8.732875E-05	12.502993
8.733436E-05	12.4007082
8.735117E-05	12.1199724
8.736799E-05	11.8628831
8.738480E-05	11.6261662
8.739281E-05	11.5218394
8.740162E-05	11.4119057
8.741844E-05	11.2173654
8.744086E-05	10.9785325
8.746328E-05	10.7598029
8.748570E-05	10.5581737
8.748891E-05	10.5314668
8.750813E-05	10.3796661
8.752975E-05	10.2209449
8.755137E-05	10.0725854
8.758020E-05	9.88881855
8.758500E-05	9.86051026
8.760902E-05	9.72699224
8.763785E-05	9.57877314
8.766668E-05	9.44098949
8.769551E-05	9.31234345
8.771313E-05	9.2386451
8.772434E-05	9.19462973
8.775797E-05	9.07153473
8.779641E-05	8.94116492
8.783484E-05	8.82033645
8.784125E-05	8.80157794
8.787328E-05	8.71473002
8.791172E-05	8.61773355
8.795016E-05	8.5270698
8.798859E-05	8.44198626
8.802703E-05	8.3618414
8.804625E-05	8.32404778
8.806867E-05	8.28384263
8.811352E-05	8.20850881
8.815836E-05	8.13782007
8.820320E-05	8.07123478
8.824805E-05	8.00829036
8.825125E-05	8.00402598
8.829289E-05	7.95472314
8.833773E-05	7.90452658
8.840500E-05	7.83402337
8.846266E-05	7.77760259
8.852031E-05	7.72440741
8.857797E-05	7.67405613
8.863563E-05	7.62622252
8.869328E-05	7.58725403
8.875094E-05	7.55028043
8.886625E-05	7.48150529
8.894953E-05	7.43550155
8.903281E-05	7.39210114
8.904563E-05	7.38577183
8.911609E-05	7.35622316
8.919938E-05	7.32327179
8.928266E-05	7.2920428
8.936594E-05	7.26232547
8.944922E-05	7.233941
8.953250E-05	7.20673843
8.958375E-05	7.19071541
8.963500E-05	7.17751691
8.973750E-05	7.15251318
8.984000E-05	7.12873021
8.994250E-05	7.10602055
9.004500E-05	7.08425789
9.014750E-05	7.06333383
9.025000E-05	7.04315504
9.035250E-05	7.02364086
9.048063E-05	7.00502494
9.060875E-05	6.98722135
9.073688E-05	6.97013073
9.086500E-05	6.95366849
9.099313E-05	6.93776241
9.118531E-05	6.91481412
9.137750E-05	6.89280999
9.156969E-05	6.87661067
9.176188E-05	6.86107815
9.195406E-05	6.84612273
9.214625E-05	6.83167358
9.233844E-05	6.81766339
9.253063E-05	6.80403533
9.272281E-05	6.790743
9.291500E-05	6.77780919
9.300469E-05	6.77345135
9.327375E-05	6.7608708
9.354281E-05	6.74869708
9.381188E-05	6.73687301
9.408094E-05	6.7253496
9.435000E-05	6.71408608
9.472712E-05	6.69867276
9.510423E-05	6.68362693
9.548135E-05	6.66889834
9.585847E-05	6.65442157
9.629296E-05	6.64322267
9.672745E-05	6.6322664
9.716194E-05	6.62151425
9.759643E-05	6.61093494
9.824816E-05	6.59533591
9.889990E-05	6.58000185
9.960594E-05	6.56363071
1.004206E-04	6.54499076
1.012353E-04	6.52657607
1.015068E-04	6.52048687
1.019413E-04	6.51354597
1.028103E-04	6.4998085
1.036793E-04	6.48620378
1.045483E-04	6.47270823
1.058517E-04	6.45262848
1.071552E-04	6.4327122
1.084587E-04	6.41292028
1.101966E-04	6.38668718
1.119346E-04	6.36059207
1.136725E-04	6.34092891
1.154105E-04	6.3213565
1.171485E-04	6.30185953
1.197554E-04	6.27273479
1.223623E-04	6.24371935
1.254991E-04	6.208937
1.286359E-04	6.17426958
1.317727E-04	6.13970164
1.349095E-04	6.10522175
1.380463E-04	6.07082198
1.411831E-04	6.036497
1.443199E-04	6.0022435
1.505935E-04	5.93394585
1.537304E-04	5.89990282
1.568672E-04	5.86593335
1.600040E-04	5.83204148
1.631408E-04	5.79823282
1.662776E-04	5.75774699
1.694144E-04	5.7173612
1.725512E-04	5.67708731
1.756880E-04	5.63693883
1.772564E-04	5.61692857
1.780406E-04	5.60435561
1.803932E-04	5.56672453
1.827458E-04	5.52920076
1.850984E-04	5.49178701
1.874510E-04	5.45451111
1.882352E-04	5.44213363
1.898036E-04	5.41095961
1.921562E-04	5.36438042
1.952930E-04	5.30258849
1.960772E-04	5.28722045
1.968614E-04	5.26819395
1.984298E-04	5.23026408
1.999982E-04	5.19247207
2.015666E-04	5.15483513
2.023508E-04	5.13610417
2.031350E-04	5.1133566
2.054876E-04	5.04548215
2.070560E-04	5.00053431
2.086244E-04	4.94694263
2.101928E-04	4.8936621
2.113691E-04	4.85393886
2.125454E-04	4.80672166
2.137217E-04	4.75976711
2.148980E-04	4.71310617
2.160743E-04	4.65768133
2.172506E-04	4.60263532
2.184269E-04	4.5480266
2.196032E-04	4.4842687
2.207795E-04	4.42109066
2.216617E-04	4.36696534
2.225219E-04	4.31460165
2.230879E-04	4.2804342
2.233709E-04	4.26058824
2.242200E-04	4.20154816
2.250525E-04	4.14420333
2.253300E-04	4.12529108
2.258850E-04	4.0808985
2.267175E-04	4.01499976
2.275500E-04	3.94988759
2.283825E-04	3.87523892
2.292150E-04	3.80160291
2.300475E-04	3.71818249
2.306025E-04	3.66333097
2.308800E-04	3.636249
2.311575E-04	3.60477982
2.317125E-04	3.54260671
2.322675E-04	3.48128767
2.325450E-04	3.4511019
2.328225E-04	3.41646355
2.334238E-04	3.3425996
2.337475E-04	3.30364755
2.340713E-04	3.26003449
2.345569E-04	3.19586719
2.347188E-04	3.17488168
2.350425E-04	3.12822594
2.355281E-04	3.05960148
2.356900E-04	3.03723701
2.360138E-04	2.98723889
2.364994E-04	2.91397279
2.366613E-04	2.89020573
2.369850E-04	2.83675298
2.374706E-04	2.75881358
2.376325E-04	2.73368857
2.379563E-04	2.67799085
2.382800E-04	2.62425991
2.384419E-04	2.59503092
2.389275E-04	2.5107554
2.392513E-04	2.45105337
2.395750E-04	2.3933044
2.397369E-04	2.36551623
2.398988E-04	2.33473473
2.402225E-04	2.27559572
2.403844E-04	2.24738261
2.405463E-04	2.216338
2.408700E-04	2.15729184
2.410781E-04	2.12173218
2.412516E-04	2.08918974
2.416331E-04	2.02299052
2.417025E-04	2.01190373
2.418875E-04	1.97959895
2.421419E-04	1.93838029
2.423269E-04	1.91098092
2.423963E-04	1.8997076
2.426506E-04	1.862299
2.429050E-04	1.82927522
2.432172E-04	1.79553538
2.435294E-04	1.77038354
2.437375E-04	1.75906983
2.438763E-04	1.75481478
2.439456E-04	1.75319019
2.441538E-04	1.75381223
2.442000E-04	1.75531212
2.443619E-04	1.7624249
2.444428E-04	1.76864724
2.445700E-04	1.78000188
2.446163E-04	1.78574484
2.447550E-04	1.80468383
2.447608E-04	1.80568612
2.448822E-04	1.82825137
2.449400E-04	1.83971411
2.449863E-04	1.85079061
2.450730E-04	1.87259374
2.451250E-04	1.88628368
2.451539E-04	1.89522446
2.452262E-04	1.91842395
2.452984E-04	1.94249741
2.453100E-04	1.94648495
2.453563E-04	1.96475591
2.454141E-04	1.98824408
2.454719E-04	2.01242522
2.454834E-04	2.01739435
2.455181E-04	2.03419084
2.455586E-04	2.05419555
2.455933E-04	2.07166004
2.456280E-04	2.08942929
2.456569E-04	2.10450149
2.456627E-04	2.10788308
2.456916E-04	2.12504005
2.457263E-04	2.1459411
2.457609E-04	2.16719663
2.457898E-04	2.18518946
2.458159E-04	2.20160855
2.458419E-04	2.21824678
2.458636E-04	2.23395019
2.458997E-04	2.26047974
2.459228E-04	2.27770189
2.459459E-04	2.29511941
2.459662E-04	2.31052443
2.459864E-04	2.32608557
2.460038E-04	2.33955168
2.460211E-04	2.35313713
2.460384E-04	2.36686133
2.460428E-04	2.37066723
2.460598E-04	2.38570969
2.460760E-04	2.40022736
2.460905E-04	2.41322846
2.461103E-04	2.431254
2.461262E-04	2.44580157
2.461439E-04	2.46213865
2.461584E-04	2.47558315
2.461772E-04	2.49320916
2.461960E-04	2.5110058
2.462177E-04	2.53175744
2.462393E-04	2.55531466
2.462552E-04	2.57274351
2.462726E-04	2.59190953
2.463044E-04	2.62746747
2.463275E-04	2.65368055
2.463492E-04	2.67853378
2.463709E-04	2.70365938
2.463940E-04	2.73077115
2.464200E-04	2.76166535
2.464460E-04	2.79298742
2.464749E-04	2.82830604
2.464778E-04	2.83188473
2.464952E-04	2.85573701
2.465255E-04	2.89800677
2.465472E-04	2.92860021
2.465703E-04	2.96161037
2.465934E-04	2.99502034
2.466166E-04	3.02884065
2.466426E-04	3.06739301
2.466513E-04	3.08043562
2.466715E-04	3.11348016
2.467004E-04	3.16138485
2.467293E-04	3.21001289
2.467611E-04	3.26436868
2.467958E-04	3.32473721
2.468247E-04	3.37601066
2.468305E-04	3.38712699
2.468652E-04	3.45503681
2.469027E-04	3.53002455
2.469432E-04	3.612506
2.469837E-04	3.69685953
2.469981E-04	3.72768392
2.470241E-04	3.78752003
2.470574E-04	3.86550991
2.470964E-04	3.95891011
2.471354E-04	4.0543917
2.471600E-04	4.11587779
2.471745E-04	4.15454707
2.472135E-04	4.26122914
2.472525E-04	4.37030232
2.472959E-04	4.49444172
2.472988E-04	4.50293301
2.473392E-04	4.62923808
2.473826E-04	4.76800137
2.474259E-04	4.91038338
2.474375E-04	4.94936925
2.474693E-04	5.0623387
2.475127E-04	5.22042032
2.475416E-04	5.32864194
2.475560E-04	5.38541867
2.475994E-04	5.56024126
2.476427E-04	5.73981372
2.476572E-04	5.80134162
2.476861E-04	5.93069731
2.477323E-04	6.14352033
2.477728E-04	6.33571256
2.477844E-04	6.39347199
2.478364E-04	6.66208399
2.478884E-04	6.9399878
2.479405E-04	7.24242289
2.479925E-04	7.55554853
2.480041E-04	7.62768599
2.480445E-04	7.89307945
2.480966E-04	8.2466279
2.481197E-04	8.40965537
2.481486E-04	8.62401438
2.482006E-04	9.02413615
2.482353E-04	9.30114151
2.482527E-04	9.44695284
2.483047E-04	9.90096223
2.483509E-04	10.3204408
2.483567E-04	10.3753098
2.484088E-04	10.8884949
2.484377E-04	11.1852333
2.484608E-04	11.432091
2.485128E-04	12.010184
2.485244E-04	12.1441057
2.485648E-04	12.6314958
2.486111E-04	13.2122292
2.486169E-04	13.2878234
2.486689E-04	13.9972206
2.486978E-04	14.4088668
2.487209E-04	14.7518116
2.487730E-04	15.5578655
2.487845E-04	15.7453523
2.488250E-04	16.428654
2.488713E-04	17.2487318
2.488840E-04	17.4836922
2.489429E-04	18.6316254
2.489528E-04	18.8337988
2.490019E-04	19.8850503
2.490343E-04	20.6174797
2.490609E-04	21.2441162
2.491158E-04	22.6138182
2.491198E-04	22.7191293
2.491742E-04	24.2134595
2.491973E-04	24.885053
2.492262E-04	25.7607861
2.492783E-04	27.4245721
2.492788E-04	27.4441708
2.493303E-04	29.2568815
2.493523E-04	30.0767719
2.493823E-04	31.2430534
2.494216E-04	32.8613746
2.494355E-04	33.4554783
2.494725E-04	35.1233748
2.494910E-04	35.9951285
2.495095E-04	36.9022995
2.495465E-04	38.7991316
2.495604E-04	39.5442582
2.495835E-04	40.8377791
2.496205E-04	43.0061886
2.496298E-04	43.5754016
2.496575E-04	45.3425792
2.496760E-04	46.5803671
2.496945E-04	47.8543073
2.497223E-04	49.860677
2.497292E-04	50.3775344
2.497616E-04	52.9038659
2.497685E-04	53.4711731
2.497939E-04	55.6144846
2.498148E-04	57.4535996
2.498263E-04	58.5078601
2.498587E-04	61.6061265
2.498610E-04	61.8389229
2.498911E-04	64.9621605
2.499073E-04	66.7332121
2.499234E-04	68.5637327
2.499535E-04	72.147342
2.499558E-04	72.4328497
2.499882E-04	76.6499857
2.499998E-04	78.2441601
2.500206E-04	81.216042
2.500460E-04	85.0654923
2.500529E-04	86.1508756
2.500830E-04	91.1426833
2.500853E-04	91.5388392
2.501177E-04	97.4350707
2.501200E-04	97.8845593
2.501501E-04	103.908921
2.501570E-04	105.395992
2.501824E-04	111.023784
2.501940E-04	113.76607
2.502148E-04	118.867498
2.502310E-04	123.11893
2.502449E-04	126.89058
2.502680E-04	133.603229
2.502726E-04	134.988419
2.502958E-04	142.377492
2.503004E-04	143.896836
2.503235E-04	152.016427
2.503281E-04	153.692293
2.503559E-04	164.456695
2.503570E-04	164.938951
2.503836E-04	176.375918
2.503871E-04	177.966099
2.504044E-04	186.164722
2.504172E-04	192.519259
2.504253E-04	196.694163
2.504461E-04	208.045051
2.504472E-04	208.710704
2.504646E-04	219.017905
2.504773E-04	227.025881
2.504877E-04	233.7661
2.504998E-04	242.15363
2.505108E-04	249.93096
2.505224E-04	258.668092
2.505339E-04	267.624171
2.505449E-04	276.709239
2.505571E-04	287.0002
2.505675E-04	296.422367
2.505802E-04	308.253038
2.505941E-04	322.038911
2.506033E-04	331.482834
2.506172E-04	346.612326
2.506264E-04	356.95631
2.506403E-04	373.496715
2.506484E-04	383.390294
2.506634E-04	402.904524
2.506692E-04	410.598871
2.506866E-04	435.064274
2.506900E-04	440.079921
2.507097E-04	470.17896
2.507108E-04	471.992875
2.507317E-04	506.553152
2.507328E-04	508.585294
2.507525E-04	543.93369
2.507559E-04	550.530898
2.507733E-04	584.241812
2.507779E-04	593.737017
2.507941E-04	627.648429
2.507987E-04	637.854952
2.508138E-04	671.669053
2.508195E-04	685.313867
2.508323E-04	715.894371
2.508403E-04	736.255922
2.508508E-04	762.915243
2.508612E-04	791.079821
2.508785E-04	838.84316
2.508820E-04	849.020454
2.509063E-04	921.745269
2.509132E-04	943.811808
2.509340E-04	1011.53975
2.509433E-04	1043.35246
2.509606E-04	1104.21796
2.509710E-04	1142.54693
2.509849E-04	1194.57834
2.509988E-04	1249.27131
2.510173E-04	1323.39438
2.510265E-04	1362.4202
2.510496E-04	1461.63469
2.510635E-04	1523.92753
2.510820E-04	1608.26574
2.510959E-04	1674.2109
2.511202E-04	1791.11553
2.511375E-04	1878.02121
2.511710E-04	2048.15037
2.512855E-04	2645.28498
2.512971E-04	2704.83419
2.513271E-04	2854.59639
2.513387E-04	2911.10135
2.513688E-04	3050.70204
2.513789E-04	3096.68095
2.514067E-04	3212.996
2.514178E-04	3257.86731
2.514446E-04	3355.70702
2.514548E-04	3391.15424
2.514779E-04	3461.47835
2.514899E-04	3495.9905
2.515112E-04	3546.58626
2.515260E-04	3579.28586
2.515390E-04	3601.72603
2.515538E-04	3624.98961
2.515667E-04	3638.82223
2.515900E-04	3659.51444
2.515994E-04	3662.84647
2.516199E-04	3665.85199
2.516352E-04	3660.42787
2.516518E-04	3651.36484
2.516629E-04	3639.7722
2.516823E-04	3616.22199
2.516934E-04	3597.06848
2.517184E-04	3549.91745
2.517221E-04	3540.96017
2.517563E-04	3452.40474
2.517591E-04	3443.85934
2.517943E-04	3329.597
2.517980E-04	3315.92914
2.518359E-04	3170.10626
2.518387E-04	3158.39487
2.518775E-04	2989.59618
2.518821E-04	2968.16158
2.519238E-04	2770.85511
2.519515E-04	2633.31236
2.520486E-04	2148.22271
2.520833E-04	1976.89491
2.520949E-04	1922.08409
2.521273E-04	1770.59121
2.521365E-04	1727.88131
2.521596E-04	1625.96288
2.521735E-04	1565.77486
2.521920E-04	1489.28971
2.522105E-04	1414.08054
2.522198E-04	1378.25365
2.522383E-04	1307.82204
2.522475E-04	1274.32222
2.522706E-04	1192.12303
2.522753E-04	1176.65196
2.523030E-04	1085.68292
2.523053E-04	1078.25291
2.523284E-04	1008.1175
2.523308E-04	1001.43094
2.523516E-04	942.407125
2.523747E-04	881.136872
2.523978E-04	824.088429
2.524209E-04	771.089965
2.524441E-04	722.156125
2.524475E-04	714.964135
2.524672E-04	676.611931
2.524701E-04	671.087536
2.524903E-04	634.556838
2.524926E-04	630.469858
2.525134E-04	595.743267
2.525152E-04	592.912218
2.525377E-04	558.218662
2.525389E-04	556.555862
2.525597E-04	527.294632
2.525678E-04	516.134602
2.525805E-04	499.93291
2.525978E-04	478.274935
2.526013E-04	474.271297
2.526221E-04	450.737663
2.526279E-04	444.343927
2.526499E-04	421.917708
2.526580E-04	413.864263
2.526776E-04	395.692752
2.526834E-04	390.481392
2.527054E-04	372.097331
2.527146E-04	364.547879
2.527331E-04	350.620985
2.527458E-04	341.262597
2.527563E-04	334.188321
2.527771E-04	320.356649
2.527840E-04	316.08884
2.528083E-04	301.511927
2.528118E-04	299.580819
2.528395E-04	284.49641
2.528673E-04	270.802109
2.528707E-04	269.126554
2.528950E-04	258.21863
2.529019E-04	255.166542
2.529228E-04	246.725176
2.529436E-04	238.456403
2.529505E-04	235.934543
2.529852E-04	223.620729
2.529875E-04	222.868112
2.530245E-04	211.139209
2.530291E-04	209.708172
2.530638E-04	199.889369
2.530754E-04	196.696705
2.531054E-04	189.084895
2.531216E-04	185.085649
2.531471E-04	179.297891
2.531679E-04	174.672733
2.531887E-04	170.396216
2.532141E-04	165.286338
2.532303E-04	162.268769
2.532604E-04	156.785391
2.532719E-04	154.821781
2.533066E-04	149.053199
2.533136E-04	147.99289
2.533552E-04	141.760519
2.533760E-04	138.705954
2.534038E-04	135.001499
2.534408E-04	130.172588
2.534593E-04	127.957874
2.535055E-04	122.548846
2.535148E-04	121.552289
2.535703E-04	115.706043
2.536258E-04	110.416111
2.536350E-04	109.551466
2.536813E-04	105.54601
2.536998E-04	103.973846
2.537368E-04	101.051202
2.537645E-04	98.8991285
2.537923E-04	96.925675
2.538547E-04	92.5698961
2.538616E-04	92.0952131
2.539241E-04	88.1991021
2.539414E-04	87.1382145
2.539934E-04	84.2178929
2.540362E-04	81.863018
2.540628E-04	80.5237599
2.541310E-04	77.1533671
2.541322E-04	77.1008832
2.542016E-04	74.0097767
2.542258E-04	72.9461384
2.542709E-04	71.1261905
2.543207E-04	69.1529053
2.543403E-04	68.4314656
2.544155E-04	65.7198356
2.544964E-04	63.0586768
2.545103E-04	62.6101458
2.545773E-04	60.6294781
2.546525E-04	58.4466782
2.546583E-04	58.2937808
2.547392E-04	56.1890013
2.547681E-04	55.4486491
2.548202E-04	54.2195928
2.548838E-04	52.745034
2.549416E-04	51.504613
2.549994E-04	50.2864378
2.550225E-04	49.8420366
2.551266E-04	47.8744449
2.551728E-04	47.0143216
2.552306E-04	46.0478035
2.553347E-04	44.3366672
2.553463E-04	44.1493775
2.554388E-04	42.7959042
2.555197E-04	41.6292674
2.555428E-04	41.3264313
2.556469E-04	39.9839999
2.556931E-04	39.3991255
2.558550E-04	37.5331941
2.558666E-04	37.4027251
2.559938E-04	36.0893936
2.560400E-04	35.6195389
2.561325E-04	34.7675306
2.562713E-04	33.5099247
2.564100E-04	32.3969792
2.565025E-04	31.6656761
2.565488E-04	31.3344402
2.566875E-04	30.3549351
2.567222E-04	30.113217
2.568263E-04	29.4517585
2.569419E-04	28.7262216
2.569650E-04	28.5932143
2.571269E-04	27.6749254
2.571616E-04	27.4807758
2.572888E-04	26.8392353
2.574506E-04	26.0336632
2.574911E-04	25.8347129
2.576125E-04	25.3050584
2.577744E-04	24.6076092
2.578206E-04	24.4105851
2.579363E-04	23.9706028
2.581502E-04	23.1681373
2.581791E-04	23.0736514
2.583688E-04	22.4632463
2.585863E-04	21.7724513
2.586950E-04	21.4313613
2.588038E-04	21.1372845
2.590213E-04	20.5567677
2.591300E-04	20.2699902
2.592388E-04	20.0157933
2.594563E-04	19.5144657
2.596194E-04	19.1910119
2.596738E-04	19.0853419
2.597825E-04	18.9261729
2.600000E-04	18.6205614
2.600000E-04	28.6962204
2.879006E-04	27.4833889
3.250000E-04	26.0770587
3.500000E-04	25.2736471
3.598758E-04	24.9686884
4.000000E-04	23.881654
4.500000E-04	22.7328183
5.000000E-04	21.7447937
5.655191E-04	20.6932569
6.169299E-04	19.9811039
6.683407E-04	19.3383814
7.000000E-04	18.9858191
7.400604E-04	18.5654895
8.225732E-04	17.8151943
9.253949E-04	17.0049218
9.500000E-04	16.8365777
1.028217E-03	16.3384189
1.156744E-03	15.6286673
1.285271E-03	15.010628
1.437500E-03	14.4187728
1.625000E-03	13.7903016
1.717997E-03	13.5187786
1.799379E-03	13.3011675
2.000000E-03	12.8221816
2.250000E-03	12.3022759
2.500000E-03	11.8896044
2.750000E-03	11.5220144
3.000000E-03	11.1893422
3.341704E-03	10.8294604
3.598758E-03	10.5826768
3.964609E-03	10.2616646
4.000000E-03	10.2342743
4.500000E-03	9.89494144
5.000000E-03	9.59279491
5.250000E-03	9.45576939
5.500000E-03	9.3378529
6.169299E-03	9.05641345
6.683407E-03	8.85790722
6.871990E-03	8.79067549
7.400604E-03	8.63092927
8.225732E-03	8.4060517
9.000000E-03	8.21438476
9.253949E-03	8.16204277
1.028217E-02	7.97174207
1.156744E-02	7.75487818
1.187500E-02	7.70747727
1.285271E-02	7.58555996
1.413798E-02	7.43752911
1.542325E-02	7.30048257
1.585844E-02	7.26301778
1.799379E-02	7.09607779
2.000000E-02	6.95310244
2.056433E-02	6.92169303
2.313487E-02	6.79238114
2.643073E-02	6.63900851
3.084650E-02	6.49595691
3.500000E-02	6.37393689
3.598758E-02	6.35264567
4.112866E-02	6.25143885
4.757531E-02	6.13570966
4.891772E-02	6.11802895
5.814760E-02	6.01043524
6.683407E-02	5.91960916
7.000000E-02	5.89551207
8.225732E-02	5.81466141
9.000000E-02	5.76760814
1.000000E-01	5.71056627
1.000000E-01	5.7066595
1.200000E-01	5.80988548
1.500000E-01	5.80952482
2.000000E-01	5.84617361
3.000000E-01	5.99159978
3.569800E-01	6.09727871
3.700000E-01	6.11930804
4.000000E-01	6.16940497
5.000000E-01	6.33095776
6.000000E-01	6.45152046
7.067400E-01	6.56099879
8.534900E-01	6.65528326
8.610158E-01	6.66256396
8.616000E-01	6.66359906
8.861600E-01	6.67027045
1.000000E+00	6.68430216
1.258200E+00	6.63122823
1.275951E+00	6.62932242
1.279200E+00	6.62775751
1.286747E+00	6.62221445
1.449800E+00	6.51734385
1.561400E+00	6.42115227
1.642000E+00	6.34337829
1.703800E+00	6.28791108
1.852300E+00	6.13717987
1.878433E+00	6.10678352
1.994700E+00	5.98386939
2.161700E+00	5.79691211
2.223500E+00	5.72209274
2.254870E+00	5.69131815
2.350000E+00	5.58412397
2.500000E+00	5.44046649
2.535271E+00	5.40556495
2.750000E+00	5.20859962
3.000000E+00	5.0175076
3.250000E+00	4.86351173
3.500000E+00	4.74200101
4.000000E+00	4.57030269
4.245900E+00	4.51005286
4.500000E+00	4.45690336
4.824800E+00	4.4028964
5.035400E+00	4.37226597
5.500000E+00	4.33057914
6.000000E+00	4.30660104
6.500000E+00	4.31005503
6.800000E+00	4.32347609
7.067400E+00	4.33646035
7.167109E+00	4.34210127
7.500000E+00	4.3662754
8.000000E+00	4.4118815
8.250000E+00	4.43888744
8.533600E+00	4.46969755
9.000000E+00	4.52072865
9.500000E+00	4.57596188
9.634028E+00	4.59085951
1.000000E+01	4.62479458
1.025000E+01	4.64517762
1.039461E+01	4.65701215
1.055700E+01	4.66750564
1.075000E+01	4.68082141
1.087500E+01	4.68940275
1.100000E+01	4.69220929
1.125000E+01	4.70207444
1.150000E+01	4.71509811
1.175000E+01	4.71586903
1.200000E+01	4.72377866
1.225000E+01	4.72448963
1.250000E+01	4.71988961
1.275000E+01	4.71943538
1.300000E+01	4.71275903
1.318341E+01	4.70817985
1.325000E+01	4.70515047
1.350000E+01	4.69732639
1.375000E+01	4.68395666
1.400000E+01	4.67473776
1.419752E+01	4.66744428
1.425000E+01	4.66550596
1.450000E+01	4.65384318
1.460000E+01	4.64921196
1.500000E+01	4.63050117
1.550000E+01	4.60131235
1.600000E+01	4.57571429
1.622573E+01	4.56186167
1.650000E+01	4.54891974
1.700000E+01	4.52009814
1.750000E+01	4.49772471
1.800000E+01	4.46986307
1.825395E+01	4.4527541
1.850000E+01	4.43981862
1.890400E+01	4.41347008
1.900000E+01	4.40923399
1.925000E+01	4.3936499
1.937500E+01	4.38662923
1.950000E+01	4.37960667
1.975000E+01	4.36133663
2.000000E+01	4.34439938
